1 0.540302 -0.416147 -0.989992 -0.653644 0.283662 0.96017 0.753902 -0.1455 -0.91113 -0.839072 0.0044257 0.843854 0.907447 0.136737 -0.759688 -0.957659 -0.275163
0.540302 -0.416147 -0.989992 -0.653644 0.283662 0.96017 0.753902 -0.1455 -0.91113 -0.839072 0.0044257 0.843854 0.907447 0.136737 -0.759688 -0.957659 -0.275163 0.660317
-0.416147 -0.989992 -0.653644 0.283662 0.96017 0.753902 -0.1455 -0.91113 -0.839072 0.0044257 0.843854 0.907447 0.136737 -0.759688 -0.957659 -0.275163 0.660317 0.988705
-0.989992 -0.653644 0.283662 0.96017 0.753902 -0.1455 -0.91113 -0.839072 0.0044257 0.843854 0.907447 0.136737 -0.759688 -0.957659 -0.275163 0.660317 0.988705 0.408082
-0.653644 0.283662 0.96017 0.753902 -0.1455 -0.91113 -0.839072 0.0044257 0.843854 0.907447 0.136737 -0.759688 -0.957659 -0.275163 0.660317 0.988705 0.408082 -0.547729
0.283662 0.96017 0.753902 -0.1455 -0.91113 -0.839072 0.0044257 0.843854 0.907447 0.136737 -0.759688 -0.957659 -0.275163 0.660317 0.988705 0.408082 -0.547729 -0.999961
0.96017 0.753902 -0.1455 -0.91113 -0.839072 0.0044257 0.843854 0.907447 0.136737 -0.759688 -0.957659 -0.275163 0.660317 0.988705 0.408082 -0.547729 -0.999961 -0.532833
0.753902 -0.1455 -0.91113 -0.839072 0.0044257 0.843854 0.907447 0.136737 -0.759688 -0.957659 -0.275163 0.660317 0.988705 0.408082 -0.547729 -0.999961 -0.532833 0.424179
-0.1455 -0.91113 -0.839072 0.0044257 0.843854 0.907447 0.136737 -0.759688 -0.957659 -0.275163 0.660317 0.988705 0.408082 -0.547729 -0.999961 -0.532833 0.424179 0.991203
-0.91113 -0.839072 0.0044257 0.843854 0.907447 0.136737 -0.759688 -0.957659 -0.275163 0.660317 0.988705 0.408082 -0.547729 -0.999961 -0.532833 0.424179 0.991203 0.646919
-0.839072 0.0044257 0.843854 0.907447 0.136737 -0.759688 -0.957659 -0.275163 0.660317 0.988705 0.408082 -0.547729 -0.999961 -0.532833 0.424179 0.991203 0.646919 -0.292139
0.0044257 0.843854 0.907447 0.136737 -0.759688 -0.957659 -0.275163 0.660317 0.988705 0.408082 -0.547729 -0.999961 -0.532833 0.424179 0.991203 0.646919 -0.292139 -0.962606
0.843854 0.907447 0.136737 -0.759688 -0.957659 -0.275163 0.660317 0.988705 0.408082 -0.547729 -0.999961 -0.532833 0.424179 0.991203 0.646919 -0.292139 -0.962606 -0.748058
0.907447 0.136737 -0.759688 -0.957659 -0.275163 0.660317 0.988705 0.408082 -0.547729 -0.999961 -0.532833 0.424179 0.991203 0.646919 -0.292139 -0.962606 -0.748058 0.154251
0.136737 -0.759688 -0.957659 -0.275163 0.660317 0.988705 0.408082 -0.547729 -0.999961 -0.532833 0.424179 0.991203 0.646919 -0.292139 -0.962606 -0.748058 0.154251 0.914742
-0.759688 -0.957659 -0.275163 0.660317 0.988705 0.408082 -0.547729 -0.999961 -0.532833 0.424179 0.991203 0.646919 -0.292139 -0.962606 -0.748058 0.154251 0.914742 0.834223
-0.957659 -0.275163 0.660317 0.988705 0.408082 -0.547729 -0.999961 -0.532833 0.424179 0.991203 0.646919 -0.292139 -0.962606 -0.748058 0.154251 0.914742 0.834223 -0.0132767
-0.275163 0.660317 0.988705 0.408082 -0.547729 -0.999961 -0.532833 0.424179 0.991203 0.646919 -0.292139 -0.962606 -0.748058 0.154251 0.914742 0.834223 -0.0132767 -0.84857

