0 0.34202 0.642788 0.866025 0.984808 0.984808 0.866025 0.642788 0.34202 1.22465e-16 -0.34202 -0.642788 -0.866025 -0.984808 -0.984808 -0.866025 -0.642788 -0.34202
-0.34202 0 0.34202 0.642788 0.866025 0.984808 0.984808 0.866025 0.642788 0.34202 1.22465e-16 -0.34202 -0.642788 -0.866025 -0.984808 -0.984808 -0.866025 -0.642788
-0.642788 -0.34202 0 0.34202 0.642788 0.866025 0.984808 0.984808 0.866025 0.642788 0.34202 1.22465e-16 -0.34202 -0.642788 -0.866025 -0.984808 -0.984808 -0.866025
-0.866025 -0.642788 -0.34202 0 0.34202 0.642788 0.866025 0.984808 0.984808 0.866025 0.642788 0.34202 1.22465e-16 -0.34202 -0.642788 -0.866025 -0.984808 -0.984808
-0.984808 -0.866025 -0.642788 -0.34202 0 0.34202 0.642788 0.866025 0.984808 0.984808 0.866025 0.642788 0.34202 1.22465e-16 -0.34202 -0.642788 -0.866025 -0.984808
-0.984808 -0.984808 -0.866025 -0.642788 -0.34202 0 0.34202 0.642788 0.866025 0.984808 0.984808 0.866025 0.642788 0.34202 1.22465e-16 -0.34202 -0.642788 -0.866025
-0.866025 -0.984808 -0.984808 -0.866025 -0.642788 -0.34202 0 0.34202 0.642788 0.866025 0.984808 0.984808 0.866025 0.642788 0.34202 1.22465e-16 -0.34202 -0.642788
-0.642788 -0.866025 -0.984808 -0.984808 -0.866025 -0.642788 -0.34202 0 0.34202 0.642788 0.866025 0.984808 0.984808 0.866025 0.642788 0.34202 1.22465e-16 -0.34202
-0.34202 -0.642788 -0.866025 -0.984808 -0.984808 -0.866025 -0.642788 -0.34202 0 0.34202 0.642788 0.866025 0.984808 0.984808 0.866025 0.642788 0.34202 1.22465e-16
-1.22465e-16 -0.34202 -0.642788 -0.866025 -0.984808 -0.984808 -0.866025 -0.642788 -0.34202 0 0.34202 0.642788 0.866025 0.984808 0.984808 0.866025 0.642788 0.34202
0.34202 -1.22465e-16 -0.34202 -0.642788 -0.866025 -0.984808 -0.984808 -0.866025 -0.642788 -0.34202 0 0.34202 0.642788 0.866025 0.984808 0.984808 0.866025 0.642788
0.642788 0.34202 -1.22465e-16 -0.34202 -0.642788 -0.866025 -0.984808 -0.984808 -0.866025 -0.642788 -0.34202 0 0.34202 0.642788 0.866025 0.984808 0.984808 0.866025
0.866025 0.642788 0.34202 -1.22465e-16 -0.34202 -0.642788 -0.866025 -0.984808 -0.984808 -0.866025 -0.642788 -0.34202 0 0.34202 0.642788 0.866025 0.984808 0.984808
0.984808 0.866025 0.642788 0.34202 -1.22465e-16 -0.34202 -0.642788 -0.866025 -0.984808 -0.984808 -0.866025 -0.642788 -0.34202 0 0.34202 0.642788 0.866025 0.984808
0.984808 0.984808 0.866025 0.642788 0.34202 -1.22465e-16 -0.34202 -0.642788 -0.866025 -0.984808 -0.984808 -0.866025 -0.642788 -0.34202 0 0.34202 0.642788 0.866025
0.866025 0.984808 0.984808 0.866025 0.642788 0.34202 -1.22465e-16 -0.34202 -0.642788 -0.866025 -0.984808 -0.984808 -0.866025 -0.642788 -0.34202 0 0.34202 0.642788
0.642788 0.866025 0.984808 0.984808 0.866025 0.642788 0.34202 -1.22465e-16 -0.34202 -0.642788 -0.866025 -0.984808 -0.984808 -0.866025 -0.642788 -0.34202 0 0.34202
0.34202 0.642788 0.866025 0.984808 0.984808 0.866025 0.642788 0.34202 -1.22465e-16 -0.34202 -0.642788 -0.866025 -0.984808 -0.984808 -0.866025 -0.642788 -0.34202 0

