0 0.841471 0.909297 0.14112 -0.756802 -0.958924 -0.279415 0.656987 0.989358 0.412118 -0.544021 -0.99999 -0.536573 0.420167 0.990607 0.650288 -0.287903 -0.961397
-0.841471 0 0.841471 0.909297 0.14112 -0.756802 -0.958924 -0.279415 0.656987 0.989358 0.412118 -0.544021 -0.99999 -0.536573 0.420167 0.990607 0.650288 -0.287903
-0.909297 -0.841471 0 0.841471 0.909297 0.14112 -0.756802 -0.958924 -0.279415 0.656987 0.989358 0.412118 -0.544021 -0.99999 -0.536573 0.420167 0.990607 0.650288
-0.14112 -0.909297 -0.841471 0 0.841471 0.909297 0.14112 -0.756802 -0.958924 -0.279415 0.656987 0.989358 0.412118 -0.544021 -0.99999 -0.536573 0.420167 0.990607
0.756802 -0.14112 -0.909297 -0.841471 0 0.841471 0.909297 0.14112 -0.756802 -0.958924 -0.279415 0.656987 0.989358 0.412118 -0.544021 -0.99999 -0.536573 0.420167
0.958924 0.756802 -0.14112 -0.909297 -0.841471 0 0.841471 0.909297 0.14112 -0.756802 -0.958924 -0.279415 0.656987 0.989358 0.412118 -0.544021 -0.99999 -0.536573
0.279415 0.958924 0.756802 -0.14112 -0.909297 -0.841471 0 0.841471 0.909297 0.14112 -0.756802 -0.958924 -0.279415 0.656987 0.989358 0.412118 -0.544021 -0.99999
-0.656987 0.279415 0.958924 0.756802 -0.14112 -0.909297 -0.841471 0 0.841471 0.909297 0.14112 -0.756802 -0.958924 -0.279415 0.656987 0.989358 0.412118 -0.544021
-0.989358 -0.656987 0.279415 0.958924 0.756802 -0.14112 -0.909297 -0.841471 0 0.841471 0.909297 0.14112 -0.756802 -0.958924 -0.279415 0.656987 0.989358 0.412118
-0.412118 -0.989358 -0.656987 0.279415 0.958924 0.756802 -0.14112 -0.909297 -0.841471 0 0.841471 0.909297 0.14112 -0.756802 -0.958924 -0.279415 0.656987 0.989358
0.544021 -0.412118 -0.989358 -0.656987 0.279415 0.958924 0.756802 -0.14112 -0.909297 -0.841471 0 0.841471 0.909297 0.14112 -0.756802 -0.958924 -0.279415 0.656987
0.99999 0.544021 -0.412118 -0.989358 -0.656987 0.279415 0.958924 0.756802 -0.14112 -0.909297 -0.841471 0 0.841471 0.909297 0.14112 -0.756802 -0.958924 -0.279415
0.536573 0.99999 0.544021 -0.412118 -0.989358 -0.656987 0.279415 0.958924 0.756802 -0.14112 -0.909297 -0.841471 0 0.841471 0.909297 0.14112 -0.756802 -0.958924
-0.420167 0.536573 0.99999 0.544021 -0.412118 -0.989358 -0.656987 0.279415 0.958924 0.756802 -0.14112 -0.909297 -0.841471 0 0.841471 0.909297 0.14112 -0.756802
-0.990607 -0.420167 0.536573 0.99999 0.544021 -0.412118 -0.989358 -0.656987 0.279415 0.958924 0.756802 -0.14112 -0.909297 -0.841471 0 0.841471 0.909297 0.14112
-0.650288 -0.990607 -0.420167 0.536573 0.99999 0.544021 -0.412118 -0.989358 -0.656987 0.279415 0.958924 0.756802 -0.14112 -0.909297 -0.841471 0 0.841471 0.909297
0.287903 -0.650288 -0.990607 -0.420167 0.536573 0.99999 0.544021 -0.412118 -0.989358 -0.656987 0.279415 0.958924 0.756802 -0.14112 -0.909297 -0.841471 0 0.841471
0.961397 0.287903 -0.650288 -0.990607 -0.420167 0.536573 0.99999 0.544021 -0.412118 -0.989358 -0.656987 0.279415 0.958924 0.756802 -0.14112 -0.909297 -0.841471 0

