0 0.841471 0.909297 0.14112 -0.756802 -0.958924 -0.279415 0.656987 0.989358 0.412118 -0.544021 -0.99999 -0.536573 0.420167 0.990607 0.650288 -0.287903 -0.961397
0.841471 0.909297 0.14112 -0.756802 -0.958924 -0.279415 0.656987 0.989358 0.412118 -0.544021 -0.99999 -0.536573 0.420167 0.990607 0.650288 -0.287903 -0.961397 -0.750987
0.909297 0.14112 -0.756802 -0.958924 -0.279415 0.656987 0.989358 0.412118 -0.544021 -0.99999 -0.536573 0.420167 0.990607 0.650288 -0.287903 -0.961397 -0.750987 0.149877
0.14112 -0.756802 -0.958924 -0.279415 0.656987 0.989358 0.412118 -0.544021 -0.99999 -0.536573 0.420167 0.990607 0.650288 -0.287903 -0.961397 -0.750987 0.149877 0.912945
-0.756802 -0.958924 -0.279415 0.656987 0.989358 0.412118 -0.544021 -0.99999 -0.536573 0.420167 0.990607 0.650288 -0.287903 -0.961397 -0.750987 0.149877 0.912945 0.836656
-0.958924 -0.279415 0.656987 0.989358 0.412118 -0.544021 -0.99999 -0.536573 0.420167 0.990607 0.650288 -0.287903 -0.961397 -0.750987 0.149877 0.912945 0.836656 -0.00885131
-0.279415 0.656987 0.989358 0.412118 -0.544021 -0.99999 -0.536573 0.420167 0.990607 0.650288 -0.287903 -0.961397 -0.750987 0.149877 0.912945 0.836656 -0.00885131 -0.84622
0.656987 0.989358 0.412118 -0.544021 -0.99999 -0.536573 0.420167 0.990607 0.650288 -0.287903 -0.961397 -0.750987 0.149877 0.912945 0.836656 -0.00885131 -0.84622 -0.905578
0.989358 0.412118 -0.544021 -0.99999 -0.536573 0.420167 0.990607 0.650288 -0.287903 -0.961397 -0.750987 0.149877 0.912945 0.836656 -0.00885131 -0.84622 -0.905578 -0.132352
0.412118 -0.544021 -0.99999 -0.536573 0.420167 0.990607 0.650288 -0.287903 -0.961397 -0.750987 0.149877 0.912945 0.836656 -0.00885131 -0.84622 -0.905578 -0.132352 0.762558
-0.544021 -0.99999 -0.536573 0.420167 0.990607 0.650288 -0.287903 -0.961397 -0.750987 0.149877 0.912945 0.836656 -0.00885131 -0.84622 -0.905578 -0.132352 0.762558 0.956376
-0.99999 -0.536573 0.420167 0.990607 0.650288 -0.287903 -0.961397 -0.750987 0.149877 0.912945 0.836656 -0.00885131 -0.84622 -0.905578 -0.132352 0.762558 0.956376 0.270906
-0.536573 0.420167 0.990607 0.650288 -0.287903 -0.961397 -0.750987 0.149877 0.912945 0.836656 -0.00885131 -0.84622 -0.905578 -0.132352 0.762558 0.956376 0.270906 -0.663634
0.420167 0.990607 0.650288 -0.287903 -0.961397 -0.750987 0.149877 0.912945 0.836656 -0.00885131 -0.84622 -0.905578 -0.132352 0.762558 0.956376 0.270906 -0.663634 -0.988032
0.990607 0.650288 -0.287903 -0.961397 -0.750987 0.149877 0.912945 0.836656 -0.00885131 -0.84622 -0.905578 -0.132352 0.762558 0.956376 0.270906 -0.663634 -0.988032 -0.404038
0.650288 -0.287903 -0.961397 -0.750987 0.149877 0.912945 0.836656 -0.00885131 -0.84622 -0.905578 -0.132352 0.762558 0.956376 0.270906 -0.663634 -0.988032 -0.404038 0.551427
-0.287903 -0.961397 -0.750987 0.149877 0.912945 0.836656 -0.00885131 -0.84622 -0.905578 -0.132352 0.762558 0.956376 0.270906 -0.663634 -0.988032 -0.404038 0.551427 0.999912
-0.961397 -0.750987 0.149877 0.912945 0.836656 -0.00885131 -0.84622 -0.905578 -0.132352 0.762558 0.956376 0.270906 -0.663634 -0.988032 -0.404038 0.551427 0.999912 0.529083

