(-0.203326,0) (-0.181839,0.295979) (-0.0558481,0.98415) (-1.96874,-7.42689) (-0.524037,-0.928328) (-0.43725,-0.476749) (-0.408507,-0.287725) (-0.395701,-0.170065) (-0.389826,-0.0798726) (-0.388095,4.13986e-16) (-0.389826,0.0798726) (-0.395701,0.170065) (-0.408507,0.287725) (-0.43725,0.476749) (-0.524037,0.928328) (-1.96874,7.42689) (-0.0558481,-0.98415) (-0.181839,-0.295979)
(-0.181839,0.295979) (-0.0695395,0.652339) (0.297913,1.58773) (-4.71492,-10.369) (-0.888388,-1.17766) (-0.641515,-0.558075) (-0.548786,-0.309385) (-0.498179,-0.16173) (-0.464899,-0.0540827) (-0.440284,0.0363686) (-0.42051,0.121957) (-0.403666,0.213094) (-0.388884,0.324762) (-0.376565,0.492682) (-0.372476,0.868382) (-0.587478,5.99994) (-0.249022,-0.581343) (-0.234028,2.22045e-16)
(-0.0558481,0.98415) (0.297913,1.58773) (1.40455,3.3463) (-13.5149,-19.8901) (-2.11201,-2.09242) (-1.37047,-0.919239) (-1.08841,-0.463594) (-0.931848,-0.203733) (-0.826561,-0.0229481) (-0.746296,0.120928) (-0.678965,0.248634) (-0.617587,0.374522) (-0.55673,0.514726) (-0.489491,0.7018) (-0.396564,1.06407) (0.209163,5.36278) (-0.414049,2.22045e-16) (-0.249022,0.581343)
(-1.96874,-7.42689) (-4.71492,-10.369) (-13.5149,-19.8901) (105.888,109.63) (14.6903,10.7319) (8.78522,4.33917) (6.55431,1.93066) (5.32718,0.610761) (4.5117,-0.26206) (3.89982,-0.912584) (3.39787,-1.44108) (2.95561,-1.89962) (2.54196,-2.31653) (2.13692,-2.69826) (1.74475,-2.97141) (2.31918,-1.77636e-14) (0.209163,-5.36278) (-0.587478,-5.99994)
(-0.524037,-0.928328) (-0.888388,-1.17766) (-2.11201,-2.09242) (14.6903,10.7319) (1.87306,0.970026) (1.04976,0.351635) (0.742698,0.126209) (0.576743,0.00830142) (0.469045,-0.0647123) (0.390864,-0.114069) (0.329822,-0.148173) (0.280308,-0.169403) (0.241173,-0.17444) (0.218757,-0.146529) (0.254923,5.55112e-16) (1.74475,2.97141) (-0.396564,-1.06407) (-0.372476,-0.868382)
(-0.43725,-0.476749) (-0.641515,-0.558075) (-1.37047,-0.919239) (8.78522,4.33917) (1.04976,0.351635) (0.557687,0.105333) (0.37705,0.0194002) (0.281602,-0.0225802) (0.221604,-0.0458407) (0.180072,-0.0585808) (0.150105,-0.0634878) (0.129365,-0.0601545) (0.119489,-0.04417) (0.130917,0) (0.218757,0.146529) (2.13692,2.69826) (-0.489491,-0.7018) (-0.376565,-0.492682)
(-0.408507,-0.287725) (-0.548786,-0.309385) (-1.08841,-0.463594) (6.55431,1.93066) (0.742698,0.126209) (0.37705,0.0194002) (0.245289,-0.0149489) (0.177552,-0.0293837) (0.136693,-0.0350656) (0.110259,-0.0353544) (0.0935425,-0.0309158) (0.0856752,-0.0205479) (0.0898473,-3.55572e-17) (0.119489,0.04417) (0.241173,0.17444) (2.54196,2.31653) (-0.55673,-0.514726) (-0.388884,-0.324762)
(-0.395701,-0.170065) (-0.498179,-0.16173) (-0.931848,-0.203733) (5.32718,0.610761) (0.576743,0.00830142) (0.281602,-0.0225802) (0.177552,-0.0293837) (0.125855,-0.029513) (0.0963553,-0.0264303) (0.0791553,-0.0208969) (0.0708502,-0.0125692) (0.0715494,-8.85251e-17) (0.0856752,0.0205479) (0.129365,0.0601545) (0.280308,0.169403) (2.95561,1.89962) (-0.617587,-0.374522) (-0.403666,-0.213094)
(-0.389826,-0.0798726) (-0.464899,-0.0540827) (-0.826561,-0.0229481) (4.5117,-0.26206) (0.469045,-0.0647123) (0.221604,-0.0458407) (0.136693,-0.0350656) (0.0963553,-0.0264303) (0.0751332,-0.0183165) (0.0648851,-0.00981439) (0.0631545,1.28969e-16) (0.0708502,0.0125692) (0.0935425,0.0309158) (0.150105,0.0634878) (0.329822,0.148173) (3.39787,1.44108) (-0.678965,-0.248634) (-0.42051,-0.121957)
(-0.388095,-6.89119e-16) (-0.440284,0.0363686) (-0.746296,0.120928) (3.89982,-0.912584) (0.390864,-0.114069) (0.180072,-0.0585808) (0.110259,-0.0353544) (0.0791553,-0.0208969) (0.0648851,-0.00981439) (0.0606818,2.2771e-16) (0.0648851,0.00981439) (0.0791553,0.0208969) (0.110259,0.0353544) (0.180072,0.0585808) (0.390864,0.114069) (3.89982,0.912584) (-0.746296,-0.120928) (-0.440284,-0.0363686)
(-0.389826,0.0798726) (-0.42051,0.121957) (-0.678965,0.248634) (3.39787,-1.44108) (0.329822,-0.148173) (0.150105,-0.0634878) (0.0935425,-0.0309158) (0.0708502,-0.0125692) (0.0631545,-9.71987e-17) (0.0648851,0.00981439) (0.0751332,0.0183165) (0.0963553,0.0264303) (0.136693,0.0350656) (0.221604,0.0458407) (0.469045,0.0647123) (4.5117,0.26206) (-0.826561,0.0229481) (-0.464899,0.0540827)
(-0.395701,0.170065) (-0.403666,0.213094) (-0.617587,0.374522) (2.95561,-1.89962) (0.280308,-0.169403) (0.129365,-0.0601545) (0.0856752,-0.0205479) (0.0715494,8.49472e-17) (0.0708502,0.0125692) (0.0791553,0.0208969) (0.0963553,0.0264303) (0.125855,0.029513) (0.177552,0.0293837) (0.281602,0.0225802) (0.576743,-0.00830142) (5.32718,-0.610761) (-0.931848,0.203733) (-0.498179,0.16173)
(-0.408507,0.287725) (-0.388884,0.324762) (-0.55673,0.514726) (2.54196,-2.31653) (0.241173,-0.17444) (0.119489,-0.04417) (0.0898473,3.55572e-17) (0.0856752,0.0205479) (0.0935425,0.0309158) (0.110259,0.0353544) (0.136693,0.0350656) (0.177552,0.0293837) (0.245289,0.0149489) (0.37705,-0.0194002) (0.742698,-0.126209) (6.55431,-1.93066) (-1.08841,0.463594) (-0.548786,0.309385)
(-0.43725,0.476749) (-0.376565,0.492682) (-0.489491,0.7018) (2.13692,-2.69826) (0.218757,-0.146529) (0.130917,-2.32389e-16) (0.119489,0.04417) (0.129365,0.0601545) (0.150105,0.0634878) (0.180072,0.0585808) (0.221604,0.0458407) (0.281602,0.0225802) (0.37705,-0.0194002) (0.557687,-0.105333) (1.04976,-0.351635) (8.78522,-4.33917) (-1.37047,0.919239) (-0.641515,0.558075)
(-0.524037,0.928328) (-0.372476,0.868382) (-0.396564,1.06407) (1.74475,-2.97141) (0.254923,-2.15207e-16) (0.218757,0.146529) (0.241173,0.17444) (0.280308,0.169403) (0.329822,0.148173) (0.390864,0.114069) (0.469045,0.0647123) (0.576743,-0.00830142) (0.742698,-0.126209) (1.04976,-0.351635) (1.87306,-0.970026) (14.6903,-10.7319) (-2.11201,2.09242) (-0.888388,1.17766)
(-1.96874,7.42689) (-0.587478,5.99994) (0.209163,5.36278) (2.31918,-1.95843e-14) (1.74475,2.97141) (2.13692,2.69826) (2.54196,2.31653) (2.95561,1.89962) (3.39787,1.44108) (3.89982,0.912584) (4.5117,0.26206) (5.32718,-0.610761) (6.55431,-1.93066) (8.78522,-4.33917) (14.6903,-10.7319) (105.888,-109.63) (-13.5149,19.8901) (-4.71492,10.369)
(-0.0558481,-0.98415) (-0.249022,-0.581343) (-0.414049,-7.03308e-17) (0.209163,-5.36278) (-0.396564,-1.06407) (-0.489491,-0.7018) (-0.55673,-0.514726) (-0.617587,-0.374522) (-0.678965,-0.248634) (-0.746296,-0.120928) (-0.826561,0.0229481) (-0.931848,0.203733) (-1.08841,0.463594) (-1.37047,0.919239) (-2.11201,2.09242) (-13.5149,19.8901) (1.40455,-3.3463) (0.297913,-1.58773)
(-0.181839,-0.295979) (-0.234028,-1.21505e-16) (-0.249022,0.581343) (-0.587478,-5.99994) (-0.372476,-0.868382) (-0.376565,-0.492682) (-0.388884,-0.324762) (-0.403666,-0.213094) (-0.42051,-0.121957) (-0.440284,-0.0363686) (-0.464899,0.0540827) (-0.498179,0.16173) (-0.548786,0.309385) (-0.641515,0.558075) (-0.888388,1.17766) (-4.71492,10.369) (0.297913,-1.58773) (-0.0695395,-0.652339)

