1 0.540302 -0.416147 -0.989992 -0.653644 0.283662 0.96017 0.753902 -0.1455 -0.91113 -0.839072 0.0044257 0.843854 0.907447 0.136737 -0.759688 -0.957659 -0.275163
0.540302 1 0.540302 -0.416147 -0.989992 -0.653644 0.283662 0.96017 0.753902 -0.1455 -0.91113 -0.839072 0.0044257 0.843854 0.907447 0.136737 -0.759688 -0.957659
-0.416147 0.540302 1 0.540302 -0.416147 -0.989992 -0.653644 0.283662 0.96017 0.753902 -0.1455 -0.91113 -0.839072 0.0044257 0.843854 0.907447 0.136737 -0.759688
-0.989992 -0.416147 0.540302 1 0.540302 -0.416147 -0.989992 -0.653644 0.283662 0.96017 0.753902 -0.1455 -0.91113 -0.839072 0.0044257 0.843854 0.907447 0.136737
-0.653644 -0.989992 -0.416147 0.540302 1 0.540302 -0.416147 -0.989992 -0.653644 0.283662 0.96017 0.753902 -0.1455 -0.91113 -0.839072 0.0044257 0.843854 0.907447
0.283662 -0.653644 -0.989992 -0.416147 0.540302 1 0.540302 -0.416147 -0.989992 -0.653644 0.283662 0.96017 0.753902 -0.1455 -0.91113 -0.839072 0.0044257 0.843854
0.96017 0.283662 -0.653644 -0.989992 -0.416147 0.540302 1 0.540302 -0.416147 -0.989992 -0.653644 0.283662 0.96017 0.753902 -0.1455 -0.91113 -0.839072 0.0044257
0.753902 0.96017 0.283662 -0.653644 -0.989992 -0.416147 0.540302 1 0.540302 -0.416147 -0.989992 -0.653644 0.283662 0.96017 0.753902 -0.1455 -0.91113 -0.839072
-0.1455 0.753902 0.96017 0.283662 -0.653644 -0.989992 -0.416147 0.540302 1 0.540302 -0.416147 -0.989992 -0.653644 0.283662 0.96017 0.753902 -0.1455 -0.91113
-0.91113 -0.1455 0.753902 0.96017 0.283662 -0.653644 -0.989992 -0.416147 0.540302 1 0.540302 -0.416147 -0.989992 -0.653644 0.283662 0.96017 0.753902 -0.1455
-0.839072 -0.91113 -0.1455 0.753902 0.96017 0.283662 -0.653644 -0.989992 -0.416147 0.540302 1 0.540302 -0.416147 -0.989992 -0.653644 0.283662 0.96017 0.753902
0.0044257 -0.839072 -0.91113 -0.1455 0.753902 0.96017 0.283662 -0.653644 -0.989992 -0.416147 0.540302 1 0.540302 -0.416147 -0.989992 -0.653644 0.283662 0.96017
0.843854 0.0044257 -0.839072 -0.91113 -0.1455 0.753902 0.96017 0.283662 -0.653644 -0.989992 -0.416147 0.540302 1 0.540302 -0.416147 -0.989992 -0.653644 0.283662
0.907447 0.843854 0.0044257 -0.839072 -0.91113 -0.1455 0.753902 0.96017 0.283662 -0.653644 -0.989992 -0.416147 0.540302 1 0.540302 -0.416147 -0.989992 -0.653644
0.136737 0.907447 0.843854 0.0044257 -0.839072 -0.91113 -0.1455 0.753902 0.96017 0.283662 -0.653644 -0.989992 -0.416147 0.540302 1 0.540302 -0.416147 -0.989992
-0.759688 0.136737 0.907447 0.843854 0.0044257 -0.839072 -0.91113 -0.1455 0.753902 0.96017 0.283662 -0.653644 -0.989992 -0.416147 0.540302 1 0.540302 -0.416147
-0.957659 -0.759688 0.136737 0.907447 0.843854 0.0044257 -0.839072 -0.91113 -0.1455 0.753902 0.96017 0.283662 -0.653644 -0.989992 -0.416147 0.540302 1 0.540302
-0.275163 -0.957659 -0.759688 0.136737 0.907447 0.843854 0.0044257 -0.839072 -0.91113 -0.1455 0.753902 0.96017 0.283662 -0.653644 -0.989992 -0.416147 0.540302 1

