1 0.939693 0.766044 0.5 0.173648 -0.173648 -0.5 -0.766044 -0.939693 -1 -0.939693 -0.766044 -0.5 -0.173648 0.173648 0.5 0.766044 0.939693
0.939693 1 0.939693 0.766044 0.5 0.173648 -0.173648 -0.5 -0.766044 -0.939693 -1 -0.939693 -0.766044 -0.5 -0.173648 0.173648 0.5 0.766044
0.766044 0.939693 1 0.939693 0.766044 0.5 0.173648 -0.173648 -0.5 -0.766044 -0.939693 -1 -0.939693 -0.766044 -0.5 -0.173648 0.173648 0.5
0.5 0.766044 0.939693 1 0.939693 0.766044 0.5 0.173648 -0.173648 -0.5 -0.766044 -0.939693 -1 -0.939693 -0.766044 -0.5 -0.173648 0.173648
0.173648 0.5 0.766044 0.939693 1 0.939693 0.766044 0.5 0.173648 -0.173648 -0.5 -0.766044 -0.939693 -1 -0.939693 -0.766044 -0.5 -0.173648
-0.173648 0.173648 0.5 0.766044 0.939693 1 0.939693 0.766044 0.5 0.173648 -0.173648 -0.5 -0.766044 -0.939693 -1 -0.939693 -0.766044 -0.5
-0.5 -0.173648 0.173648 0.5 0.766044 0.939693 1 0.939693 0.766044 0.5 0.173648 -0.173648 -0.5 -0.766044 -0.939693 -1 -0.939693 -0.766044
-0.766044 -0.5 -0.173648 0.173648 0.5 0.766044 0.939693 1 0.939693 0.766044 0.5 0.173648 -0.173648 -0.5 -0.766044 -0.939693 -1 -0.939693
-0.939693 -0.766044 -0.5 -0.173648 0.173648 0.5 0.766044 0.939693 1 0.939693 0.766044 0.5 0.173648 -0.173648 -0.5 -0.766044 -0.939693 -1
-1 -0.939693 -0.766044 -0.5 -0.173648 0.173648 0.5 0.766044 0.939693 1 0.939693 0.766044 0.5 0.173648 -0.173648 -0.5 -0.766044 -0.939693
-0.939693 -1 -0.939693 -0.766044 -0.5 -0.173648 0.173648 0.5 0.766044 0.939693 1 0.939693 0.766044 0.5 0.173648 -0.173648 -0.5 -0.766044
-0.766044 -0.939693 -1 -0.939693 -0.766044 -0.5 -0.173648 0.173648 0.5 0.766044 0.939693 1 0.939693 0.766044 0.5 0.173648 -0.173648 -0.5
-0.5 -0.766044 -0.939693 -1 -0.939693 -0.766044 -0.5 -0.173648 0.173648 0.5 0.766044 0.939693 1 0.939693 0.766044 0.5 0.173648 -0.173648
-0.173648 -0.5 -0.766044 -0.939693 -1 -0.939693 -0.766044 -0.5 -0.173648 0.173648 0.5 0.766044 0.939693 1 0.939693 0.766044 0.5 0.173648
0.173648 -0.173648 -0.5 -0.766044 -0.939693 -1 -0.939693 -0.766044 -0.5 -0.173648 0.173648 0.5 0.766044 0.939693 1 0.939693 0.766044 0.5
0.5 0.173648 -0.173648 -0.5 -0.766044 -0.939693 -1 -0.939693 -0.766044 -0.5 -0.173648 0.173648 0.5 0.766044 0.939693 1 0.939693 0.766044
0.766044 0.5 0.173648 -0.173648 -0.5 -0.766044 -0.939693 -1 -0.939693 -0.766044 -0.5 -0.173648 0.173648 0.5 0.766044 0.939693 1 0.939693
0.939693 0.766044 0.5 0.173648 -0.173648 -0.5 -0.766044 -0.939693 -1 -0.939693 -0.766044 -0.5 -0.173648 0.173648 0.5 0.766044 0.939693 1

