(-2.42672e-20,0) (-3.61863e-15,-6.88338e-15) (4.38041e-16,-3.33067e-16) (-7.83878e-17,-1.35772e-16) (-1.55278e-15,-2.97671e-16) (-6.22065e-16,-9.99201e-16) (-1.66533e-16,-9.61481e-17) (-1.06968e-15,-1.40827e-15) (-1.1075e-15,-5.51735e-16) (-9.11055e-16,-2.82991e-32) (-6.90505e-16,6.10623e-16) (-9.10504e-16,4.46529e-16) (-1.66533e-16,9.61481e-17) (1.04558e-15,-2.5707e-16) (-5.30607e-16,-4.47465e-16) (-7.83878e-17,1.35772e-16) (1.04322e-15,2.01154e-17) (-1.9244e-15,8.65974e-15)
(1.4044e-15,7.96471e-15) (1.36283e-15,-3.79635e-16) (4.92137e-15,5.98008e-15) (1.32601e-15,1.58027e-15) (1.9074e-15,1.94561e-16) (3.321e-15,-1.0916e-14) (1.23786e-15,4.50542e-16) (2.18966e-15,-1.57428e-15) (4.84934e-15,1.01724e-14) (4.93337e-16,-8.69905e-17) (2.22229e-16,-1.84824e-15) (5.03624e-15,9.34232e-16) (1.23786e-15,-1.03869e-15) (-1.35876e-16,-5.23284e-15) (5.94854e-15,-9.18538e-15) (1.326e-15,-3.64317e-15) (-3.33654e-15,-9.84083e-15) (-3.17074e-14,-162)
(2.70432e-16,7.42992e-16) (-2.85058e-15,-1.06581e-14) (3.8041e-16,-7.90104e-16) (1.92041e-16,1.61139e-16) (-2.42772e-16,-3.50019e-16) (-1.09658e-15,7.74986e-16) (1.03894e-16,1.83176e-17) (-1.9942e-15,-1.2871e-15) (-2.0144e-16,5.94339e-17) (-6.40628e-16,2.33168e-16) (-1.05887e-15,9.66582e-16) (3.41938e-16,-3.64247e-16) (1.03892e-16,-1.23818e-16) (-1.58392e-15,1.07701e-15) (-3.46264e-16,2.25955e-16) (1.9203e-16,-1.08911e-15) (1.22548e-15,4.82639e-15) (4.48726e-15,-8.41131e-15)
(7.83878e-17,1.35772e-16) (-3.16442e-15,-2.52163e-15) (-2.26285e-16,-1.14687e-15) (4.93038e-32,-9.86076e-32) (-2.42853e-16,-4.537e-16) (-3.0515e-16,1.23904e-15) (-8.81456e-17,1.18685e-31) (1.33214e-15,2.10043e-15) (-2.08002e-17,3.7431e-16) (-8.32667e-16,4.80741e-16) (-1.13256e-15,3.86585e-16) (-1.80915e-15,1.86782e-15) (-8.81456e-17,1.52673e-16) (9.92169e-16,1.51363e-15) (-4.31156e-16,2.25941e-15) (2.42672e-20,-3.07674e-15) (-1.00859e-15,1.63125e-15) (-4.33074e-15,-1.16175e-15)
(5.33502e-16,6.35807e-16) (-4.31083e-16,-6.19431e-16) (1.88783e-16,1.46637e-16) (4.55116e-16,1.65651e-16) (-5.14679e-16,-4.56493e-16) (3.74159e-17,-9.36735e-16) (3.66971e-16,-6.47051e-17) (-1.08706e-15,-3.52026e-16) (1.92913e-17,5.74817e-16) (-3.77549e-16,3.16804e-16) (-8.68542e-17,1.48531e-15) (-8.55625e-16,-1.17536e-15) (3.66976e-16,-1.00824e-15) (-9.15731e-16,1.03739e-15) (-4.94555e-16,5.2692e-15) (4.55107e-16,2.5811e-15) (-3.44209e-16,2.36065e-16) (2.98211e-15,-3.47196e-15)
(3.99681e-16,3.35375e-16) (9.06827e-16,1.42109e-14) (-6.35455e-16,5.65883e-16) (3.21294e-16,5.66546e-17) (-3.62782e-16,-3.8603e-16) (-3.95511e-16,-6.34306e-16) (2.33149e-16,-8.48574e-17) (7.65787e-16,1.80751e-15) (-6.98555e-16,8.12215e-16) (-5.11371e-16,6.09432e-16) (-2.3784e-16,1.05634e-15) (-1.37385e-15,-3.03556e-16) (2.33158e-16,-1.32225e-15) (-2.82071e-15,-2.90376e-15) (1.6888e-15,-3.32717e-15) (3.21289e-16,8.8275e-16) (-6.67141e-16,7.37168e-16) (5.37962e-16,-3.27464e-15)
(1.66533e-16,9.61481e-17) (-9.40292e-16,5.71054e-16) (-1.57708e-16,-7.03853e-17) (8.81456e-17,-1.28454e-31) (-8.82445e-17,-2.33264e-16) (-9.62035e-16,6.91897e-16) (-2.07034e-32,-4.93038e-32) (5.13311e-16,1.71815e-15) (-9.15199e-16,8.32058e-16) (-7.44522e-16,1.28955e-15) (-5.90906e-16,1.7069e-15) (-9.72646e-17,3.75433e-15) (-2.42672e-20,-1.53837e-15) (-1.45427e-15,6.15167e-16) (4.49734e-16,-9.40163e-16) (8.81456e-17,1.52673e-16) (5.59777e-17,1.32122e-17) (4.72398e-16,-7.17659e-16)
(7.62567e-16,2.7755e-16) (-2.32487e-15,7.6928e-16) (2.41268e-16,-8.28515e-16) (6.84178e-16,-1.20641e-16) (6.53077e-16,6.13081e-16) (-1.74118e-16,-1.72654e-15) (5.96031e-16,-5.00133e-16) (2.59912e-16,5.06196e-16) (-2.00194e-17,5.33756e-16) (-1.48494e-16,4.07968e-16) (-1.99557e-15,-6.31778e-16) (-5.63099e-17,3.16419e-15) (5.96043e-16,3.38027e-15) (2.011e-15,2.64096e-15) (4.77962e-16,9.80664e-16) (6.8418e-16,8.1537e-16) (1.25279e-15,1.79603e-16) (1.90571e-15,1.30589e-15)
(1.02793e-15,1.8125e-16) (-5.10291e-15,-9.23022e-15) (1.0773e-15,-1.26447e-16) (9.49539e-16,-3.45606e-16) (6.90242e-16,-9.40056e-16) (4.65549e-16,4.25274e-16) (8.61391e-16,-1.02657e-15) (1.0686e-15,4.0289e-16) (-4.81028e-16,-3.34815e-16) (1.16862e-16,-6.62815e-16) (9.46426e-16,-1.83028e-16) (-8.71805e-16,1.6945e-16) (8.61398e-16,2.36666e-15) (-3.59753e-16,9.42972e-16) (5.66947e-16,-4.41331e-16) (9.49541e-16,7.96756e-16) (3.8312e-16,3.82043e-16) (1.30218e-15,-2.3139e-15)
(9.11055e-16,9.38289e-33) (-1.01481e-16,1.55431e-15) (1.31024e-15,-5.49913e-32) (8.32667e-16,-4.80741e-16) (-4.60912e-16,-2.68306e-16) (5.08657e-16,-1.88738e-15) (7.44522e-16,-1.28955e-15) (-1.36001e-15,3.32044e-16) (1.00416e-15,6.11229e-16) (2.42672e-20,-1.68278e-32) (1.53542e-15,-1.05471e-15) (-6.17683e-16,2.88045e-15) (7.44522e-16,1.28955e-15) (1.13984e-15,1.33329e-15) (-1.49614e-16,7.21039e-16) (8.32667e-16,4.80741e-16) (9.8131e-16,6.56885e-16) (7.30592e-16,-1.11022e-15)
(1.02793e-15,-1.8125e-16) (1.23398e-16,2.60697e-17) (1.01539e-15,-2.77104e-16) (9.49541e-16,-7.96756e-16) (1.34041e-15,-4.58911e-16) (4.03639e-16,-1.83304e-15) (8.61398e-16,-2.36666e-15) (2.91386e-16,-2.60973e-16) (9.72507e-17,-1.32682e-16) (1.16862e-16,6.62815e-16) (-4.88971e-16,6.34621e-16) (1.10322e-15,3.67112e-16) (8.61391e-16,1.02657e-15) (4.58382e-16,6.85763e-16) (-4.05084e-16,5.51051e-16) (9.49539e-16,3.45606e-16) (1.35803e-16,3.27458e-16) (-8.24093e-16,7.10543e-15)
(7.62567e-16,-2.7755e-16) (-6.89547e-15,1.51268e-15) (3.80022e-16,-3.28494e-16) (6.8418e-16,-8.1537e-16) (7.45772e-16,-5.04036e-16) (5.71285e-16,4.60208e-16) (5.96043e-16,-3.38027e-15) (1.0915e-16,-2.9286e-15) (-8.12769e-16,1.23887e-15) (-1.48494e-16,-4.07968e-16) (-4.17741e-16,-4.13694e-16) (-9.74472e-16,-7.03892e-16) (5.96031e-16,5.00133e-16) (9.58928e-16,5.9637e-17) (3.20395e-16,1.79853e-17) (6.84178e-16,1.20641e-16) (5.4523e-16,1.81934e-16) (-2.5186e-15,-1.9737e-15)
(1.66533e-16,-9.61481e-17) (-3.63244e-15,3.64779e-15) (3.45885e-17,-2.62682e-16) (8.81456e-17,-1.52673e-16) (-2.32467e-16,1.0415e-15) (3.84039e-16,3.07304e-16) (-2.42672e-20,1.53837e-15) (1.43017e-15,-3.61277e-15) (-1.08864e-15,-2.39051e-15) (-7.44522e-16,-1.28955e-15) (-1.45624e-15,-9.85251e-16) (3.83946e-16,-1.28067e-15) (-2.07034e-32,4.93038e-32) (1.28718e-16,9.46384e-16) (-7.22903e-16,1.67143e-16) (8.81456e-17,-7.84275e-32) (-8.82445e-17,-8.76959e-16) (-2.98894e-15,5.15256e-17)
(3.99681e-16,-3.35375e-16) (1.64731e-15,1.83688e-15) (-3.42196e-16,7.76862e-17) (3.21289e-16,-8.8275e-16) (8.60737e-16,3.4428e-15) (-1.6477e-15,3.27576e-15) (2.33158e-16,1.32225e-15) (-2.71449e-15,-1.52223e-15) (-8.98616e-16,-1.69589e-15) (-5.11371e-16,-6.09432e-16) (-2.81724e-16,-2.99361e-17) (1.09333e-15,-1.40034e-15) (2.33149e-16,8.48574e-17) (-7.18524e-16,1.69695e-15) (9.6923e-16,2.28086e-16) (3.21294e-16,-5.66546e-17) (-1.24241e-15,6.9448e-16) (1.90571e-15,-1.30589e-15)
(5.33502e-16,-6.35807e-16) (-1.12564e-14,9.23022e-15) (-9.9455e-16,-3.07591e-16) (4.55107e-16,-2.5811e-15) (-1.74407e-15,-5.81207e-15) (-1.14592e-15,-1.24014e-16) (3.66976e-16,1.00824e-15) (1.22252e-15,8.88087e-16) (-2.75884e-16,-9.86522e-16) (-3.77549e-16,-3.16804e-16) (-4.99205e-17,-6.05063e-16) (-6.70433e-16,1.93717e-16) (3.66971e-16,6.47051e-17) (8.19075e-16,1.29122e-16) (-3.28074e-16,-2.84463e-17) (4.55116e-16,-1.65651e-16) (1.1311e-16,-5.15039e-16) (-1.89369e-15,9.0036e-16)
(7.83878e-17,-1.35772e-16) (2.96917e-16,3.63185e-15) (-2.14925e-15,-1.85393e-16) (2.42672e-20,3.07674e-15) (5.29784e-16,-1.4092e-15) (6.56331e-16,-6.83926e-16) (-8.81456e-17,-1.52673e-16) (-5.46201e-16,-2.17976e-15) (-4.6563e-17,-9.27141e-16) (-8.32667e-16,-4.80741e-16) (-4.59526e-16,1.99276e-18) (-7.08806e-17,-5.79079e-16) (-8.81456e-17,6.65409e-32) (-1.55231e-15,1.56331e-15) (-7.89985e-16,2.91824e-16) (-8.59205e-32,-1.22537e-32) (4.30184e-16,-4.8999e-16) (-8.69411e-16,-3.92564e-16)
(2.70432e-16,-7.42992e-16) (4.44928e-15,1.00606e-14) (4.12764e-16,-5.97286e-15) (1.9203e-16,1.08911e-15) (-1.41157e-15,-1.11345e-15) (-1.06423e-15,-3.04871e-16) (1.03892e-16,1.23818e-16) (-1.48271e-15,4.62295e-16) (-1.37771e-15,4.6782e-16) (-6.40628e-16,-2.33168e-16) (-7.40312e-16,3.66116e-16) (-2.92988e-16,-1.11166e-15) (1.03894e-16,-1.83176e-17) (7.5426e-16,-1.72703e-15) (-5.8712e-17,1.04591e-16) (1.92041e-16,-1.61139e-16) (6.42472e-16,2.10353e-16) (2.98211e-15,-3.63346e-15)
(1.4044e-15,-7.96471e-15) (3.00254e-14,162) (-3.00056e-15,9.85444e-15) (1.326e-15,3.64317e-15) (-8.24706e-16,-4.68258e-16) (1.69626e-16,4.87797e-15) (1.23786e-15,1.03869e-15) (-2.0259e-15,6.83753e-16) (-3.23162e-16,1.26261e-15) (4.93337e-16,8.69905e-17) (-1.39949e-15,-5.46016e-15) (1.60145e-15,1.59515e-15) (1.23786e-15,-4.50542e-16) (-1.86447e-15,2.10377e-15) (1.92151e-15,-3.72057e-16) (1.32601e-15,-1.58027e-15) (-1.07198e-15,1.4918e-15) (3.01971e-15,7.14887e-16)

