(-0.710403,0) (-0.805934,0.0665722) (-1.36609,0.221357) (7.13858,-1.67047) (0.715472,-0.208802) (0.32962,-0.107231) (0.201828,-0.0647157) (0.144893,-0.0382514) (0.118771,-0.0179651) (0.111077,-9.80285e-16) (0.118771,0.0179651) (0.144893,0.0382514) (0.201828,0.0647157) (0.32962,0.107231) (0.715472,0.208802) (7.13858,1.67047) (-1.36609,-0.221357) (-0.805934,-0.0665722)
(-0.805934,0.0665722) (-1.00475,0.186235) (-1.83952,0.558391) (10.1908,-4.45101) (1.05876,-0.621699) (0.490839,-0.37241) (0.290275,-0.277432) (0.190349,-0.224594) (0.13306,-0.188961) (0.0993389,-0.161694) (0.0825757,-0.138703) (0.0828583,-0.117586) (0.108417,-0.0963901) (0.189508,-0.0724311) (0.472007,-0.0375777) (5.49656,0.222132) (-1.21748,-0.0608548) (-0.817673,2.77556e-16)
(-1.36609,0.221357) (-1.83952,0.558391) (-3.51497,1.65434) (19.7822,-13.2729) (2.03354,-1.87632) (0.903028,-1.14027) (0.48714,-0.863323) (0.266706,-0.711826) (0.127522,-0.611885) (0.03051,-0.537644) (-0.0403407,-0.47762) (-0.0907072,-0.425949) (-0.11755,-0.379661) (-0.09892,-0.338861) (0.0825417,-0.315817) (4.17367,-0.788404) (-1.44665,6.10623e-16) (-1.21748,0.0608548)
(7.13858,-1.67047) (10.1908,-4.45101) (19.7822,-13.2729) (-109.687,106.114) (-10.7469,14.9034) (-4.31806,8.98697) (-1.87592,6.74557) (-0.522664,5.50803) (0.385352,4.68158) (1.07553,4.05733) (1.65213,3.54038) (2.17456,3.07818) (2.68737,2.63462) (3.24314,2.17529) (3.9763,1.63963) (8.10303,-1.95399e-14) (4.17367,0.788404) (5.49656,-0.222132)
(0.715472,-0.208802) (1.05876,-0.621699) (2.03354,-1.87632) (-10.7469,14.9034) (-0.949656,2.0678) (-0.300455,1.22858) (-0.0463264,0.906686) (0.100045,0.726024) (0.203092,0.602809) (0.286283,0.507148) (0.361433,0.424897) (0.437186,0.347214) (0.524065,0.265794) (0.644661,0.166649) (0.890678,2.22045e-16) (3.9763,-1.63963) (0.0825417,0.315817) (0.472007,0.0375777)
(0.32962,-0.107231) (0.490839,-0.37241) (0.903028,-1.14027) (-4.31806,8.98697) (-0.300455,1.22858) (-0.027957,0.71653) (0.0823814,0.517286) (0.148565,0.403384) (0.197362,0.323915) (0.238871,0.260449) (0.278679,0.203871) (0.321706,0.147785) (0.37531,0.0848494) (0.457414,9.71445e-17) (0.644661,-0.166649) (3.24314,-2.17529) (-0.09892,0.338861) (0.189508,0.0724311)
(0.201828,-0.0647157) (0.290275,-0.277432) (0.48714,-0.863323) (-1.87592,6.74557) (-0.0463264,0.906686) (0.0823814,0.517286) (0.137133,0.363397) (0.1718,0.273716) (0.19883,0.209703) (0.223168,0.157185) (0.247906,0.108823) (0.276293,0.0589227) (0.313919,1.34685e-16) (0.37531,-0.0848494) (0.524065,-0.265794) (2.68737,-2.63462) (-0.11755,0.379661) (0.108417,0.0963901)
(0.144893,-0.0382514) (0.190349,-0.224594) (0.266706,-0.711826) (-0.522664,5.50803) (0.100045,0.726024) (0.148565,0.403384) (0.1718,0.273716) (0.188225,0.196612) (0.202336,0.140306) (0.216172,0.092907) (0.231344,0.0479652) (0.249988,3.03848e-16) (0.276293,-0.0589227) (0.321706,-0.147785) (0.437186,-0.347214) (2.17456,-3.07818) (-0.0907072,0.425949) (0.0828583,0.117586)
(0.118771,-0.0179651) (0.13306,-0.188961) (0.127522,-0.611885) (0.385352,4.68158) (0.203092,0.602809) (0.197362,0.323915) (0.19883,0.209703) (0.202336,0.140306) (0.207033,0.0884231) (0.212963,0.0436346) (0.220657,-5.68122e-17) (0.231344,-0.0479652) (0.247906,-0.108823) (0.278679,-0.203871) (0.361433,-0.424897) (1.65213,-3.54038) (-0.0403407,0.47762) (0.0825757,0.138703)
(0.111077,-3.29435e-16) (0.0993389,-0.161694) (0.03051,-0.537644) (1.07553,4.05733) (0.286283,0.507148) (0.238871,0.260449) (0.223168,0.157185) (0.216172,0.092907) (0.212963,0.0436346) (0.212017,7.72386e-16) (0.212963,-0.0436346) (0.216172,-0.092907) (0.223168,-0.157185) (0.238871,-0.260449) (0.286283,-0.507148) (1.07553,-4.05733) (0.03051,0.537644) (0.0993389,0.161694)
(0.118771,0.0179651) (0.0825757,-0.138703) (-0.0403407,-0.47762) (1.65213,3.54038) (0.361433,0.424897) (0.278679,0.203871) (0.247906,0.108823) (0.231344,0.0479652) (0.220657,-2.56902e-16) (0.212963,-0.0436346) (0.207033,-0.0884231) (0.202336,-0.140306) (0.19883,-0.209703) (0.197362,-0.323915) (0.203092,-0.602809) (0.385352,-4.68158) (0.127522,0.611885) (0.13306,0.188961)
(0.144893,0.0382514) (0.0828583,-0.117586) (-0.0907072,-0.425949) (2.17456,3.07818) (0.437186,0.347214) (0.321706,0.147785) (0.276293,0.0589227) (0.249988,-1.57155e-16) (0.231344,-0.0479652) (0.216172,-0.092907) (0.202336,-0.140306) (0.188225,-0.196612) (0.1718,-0.273716) (0.148565,-0.403384) (0.100045,-0.726024) (-0.522664,-5.50803) (0.266706,0.711826) (0.190349,0.224594)
(0.201828,0.0647157) (0.108417,-0.0963901) (-0.11755,-0.379661) (2.68737,2.63462) (0.524065,0.265794) (0.37531,0.0848494) (0.313919,-1.34685e-16) (0.276293,-0.0589227) (0.247906,-0.108823) (0.223168,-0.157185) (0.19883,-0.209703) (0.1718,-0.273716) (0.137133,-0.363397) (0.0823814,-0.517286) (-0.0463264,-0.906686) (-1.87592,-6.74557) (0.48714,0.863323) (0.290275,0.277432)
(0.32962,0.107231) (0.189508,-0.0724311) (-0.09892,-0.338861) (3.24314,2.17529) (0.644661,0.166649) (0.457414,-1.83664e-16) (0.37531,-0.0848494) (0.321706,-0.147785) (0.278679,-0.203871) (0.238871,-0.260449) (0.197362,-0.323915) (0.148565,-0.403384) (0.0823814,-0.517286) (-0.027957,-0.71653) (-0.300455,-1.22858) (-4.31806,-8.98697) (0.903028,1.14027) (0.490839,0.37241)
(0.715472,0.208802) (0.472007,-0.0375777) (0.0825417,-0.315817) (3.9763,1.63963) (0.890678,-7.45389e-17) (0.644661,-0.166649) (0.524065,-0.265794) (0.437186,-0.347214) (0.361433,-0.424897) (0.286283,-0.507148) (0.203092,-0.602809) (0.100045,-0.726024) (-0.0463264,-0.906686) (-0.300455,-1.22858) (-0.949656,-2.0678) (-10.7469,-14.9034) (2.03354,1.87632) (1.05876,0.621699)
(7.13858,1.67047) (5.49656,0.222132) (4.17367,-0.788404) (8.10303,-1.4401e-14) (3.9763,-1.63963) (3.24314,-2.17529) (2.68737,-2.63462) (2.17456,-3.07818) (1.65213,-3.54038) (1.07553,-4.05733) (0.385352,-4.68158) (-0.522664,-5.50803) (-1.87592,-6.74557) (-4.31806,-8.98697) (-10.7469,-14.9034) (-109.687,-106.114) (19.7822,13.2729) (10.1908,4.45101)
(-1.36609,-0.221357) (-1.21748,-0.0608548) (-1.44665,6.19757e-17) (4.17367,0.788404) (0.0825417,0.315817) (-0.09892,0.338861) (-0.11755,0.379661) (-0.0907072,0.425949) (-0.0403407,0.47762) (0.03051,0.537644) (0.127522,0.611885) (0.266706,0.711826) (0.48714,0.863323) (0.903028,1.14027) (2.03354,1.87632) (19.7822,13.2729) (-3.51497,-1.65434) (-1.83952,-0.558391)
(-0.805934,-0.0665722) (-0.817673,2.33053e-16) (-1.21748,0.0608548) (5.49656,-0.222132) (0.472007,0.0375777) (0.189508,0.0724311) (0.108417,0.0963901) (0.0828583,0.117586) (0.0825757,0.138703) (0.0993389,0.161694) (0.13306,0.188961) (0.190349,0.224594) (0.290275,0.277432) (0.490839,0.37241) (1.05876,0.621699) (10.1908,4.45101) (-1.83952,-0.558391) (-1.00475,-0.186235)

