7.71311e-06 1.58263e-05 3.0506e-05 5.52391e-05 9.39649e-05 0.000150156 0.00022541 0.000317879 0.000421122 0.000524094 0.000612728 0.000672951 0.000694312 0.000672951 0.000612728 0.000524094 0.000421122 0.000317879 0.00022541 0.000150156 9.39649e-05 5.52391e-05 3.0506e-05 1.58263e-05 7.71311e-06
-9.41242e-12 -1.9313e-11 -3.72268e-11 -6.74091e-11 -1.14667e-10 -1.83237e-10 -2.75071e-10 -3.87913e-10 -5.13901e-10 -6.3956e-10 -7.47721e-10 -8.21211e-10 -8.47279e-10 -8.21211e-10 -7.47721e-10 -6.3956e-10 -5.13901e-10 -3.87913e-10 -2.75071e-10 -1.83237e-10 -1.14667e-10 -6.74091e-11 -3.72268e-11 -1.9313e-11 -9.41242e-12
-3.0506e-05 -6.25942e-05 -0.000120653 -0.000218475 -0.000371639 -0.000593877 -0.000891515 -0.00125724 -0.00166557 -0.00207283 -0.00242339 -0.00266157 -0.00274606 -0.00266157 -0.00242339 -0.00207283 -0.00166557 -0.00125724 -0.000891515 -0.000593877 -0.000371639 -0.000218475 -0.000120653 -6.25942e-05 -3.0506e-05
-2.12394e-12 -4.35804e-12 -8.40035e-12 -1.52111e-11 -2.58749e-11 -4.1348e-11 -6.20707e-11 -8.75337e-11 -1.15963e-10 -1.44319e-10 -1.68726e-10 -1.85309e-10 -1.91191e-10 -1.85309e-10 -1.68726e-10 -1.44319e-10 -1.15963e-10 -8.75337e-11 -6.20707e-11 -4.1348e-11 -2.58749e-11 -1.52111e-11 -8.40035e-12 -4.35804e-12 -2.12394e-12
9.39649e-05 0.000192804 0.000371639 0.000672951 0.00114473 0.00182927 0.00274606 0.00387256 0.00513031 0.00638478 0.00746456 0.00819822 0.00845846 0.00819822 0.00746456 0.00638478 0.00513031 0.00387256 0.00274606 0.00182927 0.00114473 0.000672951 0.000371639 0.000192804 9.39649e-05
-4.39568e-11 -9.01936e-11 -1.73853e-10 -3.14806e-10 -5.35504e-10 -8.55733e-10 -1.28461e-09 -1.81159e-09 -2.39996e-09 -2.9868e-09 -3.49192e-09 -3.83513e-09 -3.95687e-09 -3.83513e-09 -3.49192e-09 -2.9868e-09 -2.39996e-09 -1.81159e-09 -1.28461e-09 -8.55733e-10 -5.35504e-10 -3.14806e-10 -1.73853e-10 -9.01936e-11 -4.39568e-11
-0.00022541 -0.000462512 -0.000891515 -0.00161432 -0.00274606 -0.00438819 -0.00658745 -0.0092898 -0.012307 -0.0153163 -0.0179066 -0.0196665 -0.0202908 -0.0196665 -0.0179066 -0.0153163 -0.012307 -0.0092898 -0.00658745 -0.00438819 -0.00274606 -0.00161432 -0.000891515 -0.000462512 -0.00022541
4.33574e-11 8.89635e-11 1.71482e-10 3.10513e-10 5.28201e-10 8.44062e-10 1.26709e-09 1.78688e-09 2.36723e-09 2.94607e-09 3.4443e-09 3.78282e-09 3.9029e-09 3.78282e-09 3.4443e-09 2.94607e-09 2.36723e-09 1.78688e-09 1.26709e-09 8.44062e-10 5.28201e-10 3.10513e-10 1.71482e-10 8.89635e-11 4.33574e-11
0.000421122 0.000864086 0.00166557 0.00301595 0.00513031 0.00819822 0.012307 0.0173556 0.0229925 0.0286146 0.0334538 0.0367419 0.0379082 0.0367419 0.0334538 0.0286146 0.0229925 0.0173556 0.012307 0.00819822 0.00513031 0.00301595 0.00166557 0.000864086 0.000421122
4.84766e-12 9.94675e-12 1.91729e-11 3.47176e-11 5.90566e-11 9.43722e-11 1.41669e-10 1.99786e-10 2.64673e-10 3.29391e-10 3.85097e-10 4.22947e-10 4.36372e-10 4.22947e-10 3.85097e-10 3.29391e-10 2.64673e-10 1.99786e-10 1.41669e-10 9.43722e-11 5.90566e-11 3.47176e-11 1.91729e-11 9.94675e-12 4.84766e-12
-0.000612728 -0.00125724 -0.00242339 -0.00438819 -0.00746456 -0.0119283 -0.0179066 -0.0252523 -0.0334538 -0.041634 -0.048675 -0.0534591 -0.0551561 -0.0534591 -0.048675 -0.041634 -0.0334538 -0.0252523 -0.0179066 -0.0119283 -0.00746456 -0.00438819 -0.00242339 -0.00125724 -0.000612728
-3.12159e-11 -6.40509e-11 -1.23461e-10 -2.2356e-10 -3.80288e-10 -6.07699e-10 -9.12263e-10 -1.2865e-09 -1.70433e-09 -2.12108e-09 -2.47979e-09 -2.72352e-09 -2.80997e-09 -2.72352e-09 -2.47979e-09 -2.12108e-09 -1.70433e-09 -1.2865e-09 -9.12263e-10 -6.07699e-10 -3.80288e-10 -2.2356e-10 -1.23461e-10 -6.40509e-11 -3.12159e-11
0.000694312 0.00142464 0.00274606 0.00497247 0.00845846 0.0135166 0.0202908 0.0286146 0.0379082 0.0471775 0.0551561 0.0605771 0.0625 0.0605771 0.0551561 0.0471775 0.0379082 0.0286146 0.0202908 0.0135166 0.00845846 0.00497247 0.00274606 0.00142464 0.000694312
-3.12159e-11 -6.40509e-11 -1.23461e-10 -2.2356e-10 -3.80288e-10 -6.07699e-10 -9.12263e-10 -1.2865e-09 -1.70433e-09 -2.12108e-09 -2.47979e-09 -2.72352e-09 -2.80997e-09 -2.72352e-09 -2.47979e-09 -2.12108e-09 -1.70433e-09 -1.2865e-09 -9.12263e-10 -6.07699e-10 -3.80288e-10 -2.2356e-10 -1.23461e-10 -6.40509e-11 -3.12159e-11
-0.000612728 -0.00125724 -0.00242339 -0.00438819 -0.00746456 -0.0119283 -0.0179066 -0.0252523 -0.0334538 -0.041634 -0.048675 -0.0534591 -0.0551561 -0.0534591 -0.048675 -0.041634 -0.0334538 -0.0252523 -0.0179066 -0.0119283 -0.00746456 -0.00438819 -0.00242339 -0.00125724 -0.000612728
4.84766e-12 9.94675e-12 1.91729e-11 3.47176e-11 5.90566e-11 9.43722e-11 1.41669e-10 1.99786e-10 2.64673e-10 3.29391e-10 3.85097e-10 4.22947e-10 4.36372e-10 4.22947e-10 3.85097e-10 3.29391e-10 2.64673e-10 1.99786e-10 1.41669e-10 9.43722e-11 5.90566e-11 3.47176e-11 1.91729e-11 9.94675e-12 4.84766e-12
0.000421122 0.000864086 0.00166557 0.00301595 0.00513031 0.00819822 0.012307 0.0173556 0.0229925 0.0286146 0.0334538 0.0367419 0.0379082 0.0367419 0.0334538 0.0286146 0.0229925 0.0173556 0.012307 0.00819822 0.00513031 0.00301595 0.00166557 0.000864086 0.000421122
4.33574e-11 8.89635e-11 1.71482e-10 3.10513e-10 5.28201e-10 8.44062e-10 1.26709e-09 1.78688e-09 2.36723e-09 2.94607e-09 3.4443e-09 3.78282e-09 3.9029e-09 3.78282e-09 3.4443e-09 2.94607e-09 2.36723e-09 1.78688e-09 1.26709e-09 8.44062e-10 5.28201e-10 3.10513e-10 1.71482e-10 8.89635e-11 4.33574e-11
-0.00022541 -0.000462512 -0.000891515 -0.00161432 -0.00274606 -0.00438819 -0.00658745 -0.0092898 -0.012307 -0.0153163 -0.0179066 -0.0196665 -0.0202908 -0.0196665 -0.0179066 -0.0153163 -0.012307 -0.0092898 -0.00658745 -0.00438819 -0.00274606 -0.00161432 -0.000891515 -0.000462512 -0.00022541
-4.39568e-11 -9.01936e-11 -1.73853e-10 -3.14806e-10 -5.35504e-10 -8.55733e-10 -1.28461e-09 -1.81159e-09 -2.39996e-09 -2.9868e-09 -3.49192e-09 -3.83513e-09 -3.95687e-09 -3.83513e-09 -3.49192e-09 -2.9868e-09 -2.39996e-09 -1.81159e-09 -1.28461e-09 -8.55733e-10 -5.35504e-10 -3.14806e-10 -1.73853e-10 -9.01936e-11 -4.39568e-11
9.39649e-05 0.000192804 0.000371639 0.000672951 0.00114473 0.00182927 0.00274606 0.00387256 0.00513031 0.00638478 0.00746456 0.00819822 0.00845846 0.00819822 0.00746456 0.00638478 0.00513031 0.00387256 0.00274606 0.00182927 0.00114473 0.000672951 0.000371639 0.000192804 9.39649e-05
-2.12394e-12 -4.35804e-12 -8.40035e-12 -1.52111e-11 -2.58749e-11 -4.1348e-11 -6.20707e-11 -8.75337e-11 -1.15963e-10 -1.44319e-10 -1.68726e-10 -1.85309e-10 -1.91191e-10 -1.85309e-10 -1.68726e-10 -1.44319e-10 -1.15963e-10 -8.75337e-11 -6.20707e-11 -4.1348e-11 -2.58749e-11 -1.52111e-11 -8.40035e-12 -4.35804e-12 -2.12394e-12
-3.0506e-05 -6.25942e-05 -0.000120653 -0.000218475 -0.000371639 -0.000593877 -0.000891515 -0.00125724 -0.00166557 -0.00207283 -0.00242339 -0.00266157 -0.00274606 -0.00266157 -0.00242339 -0.00207283 -0.00166557 -0.00125724 -0.000891515 -0.000593877 -0.000371639 -0.000218475 -0.000120653 -6.25942e-05 -3.0506e-05
-9.41242e-12 -1.9313e-11 -3.72268e-11 -6.74091e-11 -1.14667e-10 -1.83237e-10 -2.75071e-10 -3.87913e-10 -5.13901e-10 -6.3956e-10 -7.47721e-10 -8.21211e-10 -8.47279e-10 -8.21211e-10 -7.47721e-10 -6.3956e-10 -5.13901e-10 -3.87913e-10 -2.75071e-10 -1.83237e-10 -1.14667e-10 -6.74091e-11 -3.72268e-11 -1.9313e-11 -9.41242e-12
7.71311e-06 1.58263e-05 3.0506e-05 5.52391e-05 9.39649e-05 0.000150156 0.00022541 0.000317879 0.000421122 0.000524094 0.000612728 0.000672951 0.000694312 0.000672951 0.000612728 0.000524094 0.000421122 0.000317879 0.00022541 0.000150156 9.39649e-05 5.52391e-05 3.0506e-05 1.58263e-05 7.71311e-06

