-3.67912e-13 1.58263e-05 -8.48498e-12 -5.52391e-05 -3.28587e-11 0.000150156 5.37598e-12 -0.000317879 -7.36313e-11 0.000524094 5.35664e-11 -0.000672951 0 0.000672951 -5.35664e-11 -0.000524094 7.36313e-11 0.000317879 -5.37598e-12 -0.000150156 3.28587e-11 5.52391e-05 8.48498e-12 -1.58263e-05 3.67912e-13
-7.54906e-13 3.24734e-05 -1.74101e-11 -0.000113343 -6.74217e-11 0.000308099 1.10308e-11 -0.000652246 -1.51082e-10 0.00107537 1.09911e-10 -0.0013808 0 0.0013808 -1.09911e-10 -0.00107537 1.51082e-10 0.000652246 -1.10308e-11 -0.000308099 6.74217e-11 0.000113343 1.74101e-11 -3.24734e-05 7.54906e-13
-1.45512e-12 6.25942e-05 -3.35588e-11 -0.000218475 -1.29959e-10 0.000593877 2.12624e-11 -0.00125724 -2.91217e-10 0.00207283 2.11859e-10 -0.00266157 0 0.00266157 -2.11859e-10 -0.00207283 2.91217e-10 0.00125724 -2.12624e-11 -0.000593877 1.29959e-10 0.000218475 3.35588e-11 -6.25942e-05 1.45512e-12
-2.63488e-12 0.000113343 -6.07671e-11 -0.000395607 -2.35325e-10 0.00107537 3.85013e-11 -0.00227656 -5.27326e-10 0.00375342 3.83628e-10 -0.00481948 0 0.00481948 -3.83628e-10 -0.00375342 5.27326e-10 0.00227656 -3.85013e-11 -0.00107537 2.35325e-10 0.000395607 6.07671e-11 -0.000113343 2.63488e-12
-4.48208e-12 0.000192804 -1.03368e-10 -0.000672951 -4.00301e-10 0.00182927 6.54928e-11 -0.00387256 -8.97012e-10 0.00638478 6.52573e-10 -0.00819822 0 0.00819822 -6.52573e-10 -0.00638478 8.97012e-10 0.00387256 -6.54928e-11 -0.00182927 4.00301e-10 0.000672951 1.03368e-10 -0.000192804 4.48208e-12
-7.16235e-12 0.000308099 -1.65182e-10 -0.00107537 -6.39679e-10 0.00292316 1.04657e-10 -0.00618834 -1.43342e-09 0.0102028 1.04281e-09 -0.0131007 0 0.0131007 -1.04281e-09 -0.0102028 1.43342e-09 0.00618834 -1.04657e-10 -0.00292316 6.39679e-10 0.00107537 1.65182e-10 -0.000308099 7.16235e-12
-1.0752e-11 0.000462512 -2.47968e-10 -0.00161432 -9.60272e-10 0.00438819 1.57109e-10 -0.0092898 -2.15182e-09 0.0153163 1.56544e-09 -0.0196665 0 0.0196665 -1.56544e-09 -0.0153163 2.15182e-09 0.0092898 -1.57109e-10 -0.00438819 9.60272e-10 0.00161432 2.47968e-10 -0.000462512 1.0752e-11
-1.51627e-11 0.000652246 -3.4969e-10 -0.00227656 -1.3542e-09 0.00618834 2.21559e-10 -0.0131007 -3.03455e-09 0.0215994 2.20762e-09 -0.0277342 0 0.0277342 -2.20762e-09 -0.0215994 3.03455e-09 0.0131007 -2.21559e-10 -0.00618834 1.3542e-09 0.00227656 3.4969e-10 -0.000652246 1.51627e-11
-2.00873e-11 0.000864086 -4.63264e-10 -0.00301595 -1.79402e-09 0.00819822 2.93519e-10 -0.0173556 -4.02013e-09 0.0286146 2.92463e-09 -0.0367419 0 0.0367419 -2.92463e-09 -0.0286146 4.02013e-09 0.0173556 -2.93519e-10 -0.00819822 1.79402e-09 0.00301595 4.63264e-10 -0.000864086 2.00873e-11
-2.49991e-11 0.00107537 -5.76542e-10 -0.00375342 -2.2327e-09 0.0102028 3.6529e-10 -0.0215994 -5.00313e-09 0.0356114 3.63976e-09 -0.045726 0 0.045726 -3.63976e-09 -0.0356114 5.00313e-09 0.0215994 -3.6529e-10 -0.0102028 2.2327e-09 0.00375342 5.76542e-10 -0.00107537 2.49991e-11
-2.92269e-11 0.00125724 -6.74046e-10 -0.00438819 -2.61029e-09 0.0119283 4.27067e-10 -0.0252523 -5.84926e-09 0.041634 4.25531e-09 -0.0534591 0 0.0534591 -4.25531e-09 -0.041634 5.84926e-09 0.0252523 -4.27067e-10 -0.0119283 2.61029e-09 0.00438819 6.74046e-10 -0.00125724 2.92269e-11
-3.20994e-11 0.0013808 -7.40294e-10 -0.00481948 -2.86684e-09 0.0131007 4.69041e-10 -0.0277342 -6.42415e-09 0.045726 4.67354e-09 -0.0587133 0 0.0587133 -4.67354e-09 -0.045726 6.42415e-09 0.0277342 -4.69041e-10 -0.0131007 2.86684e-09 0.00481948 7.40294e-10 -0.0013808 3.20994e-11
-3.31184e-11 0.00142464 -7.63794e-10 -0.00497247 -2.95785e-09 0.0135166 4.8393e-10 -0.0286146 -6.62807e-09 0.0471775 4.8219e-09 -0.0605771 0 0.0605771 -4.8219e-09 -0.0471775 6.62807e-09 0.0286146 -4.8393e-10 -0.0135166 2.95785e-09 0.00497247 7.63794e-10 -0.00142464 3.31184e-11
-3.20994e-11 0.0013808 -7.40294e-10 -0.00481948 -2.86684e-09 0.0131007 4.69041e-10 -0.0277342 -6.42415e-09 0.045726 4.67354e-09 -0.0587133 0 0.0587133 -4.67354e-09 -0.045726 6.42415e-09 0.0277342 -4.69041e-10 -0.0131007 2.86684e-09 0.00481948 7.40294e-10 -0.0013808 3.20994e-11
-2.92269e-11 0.00125724 -6.74046e-10 -0.00438819 -2.61029e-09 0.0119283 4.27067e-10 -0.0252523 -5.84926e-09 0.041634 4.25531e-09 -0.0534591 0 0.0534591 -4.25531e-09 -0.041634 5.84926e-09 0.0252523 -4.27067e-10 -0.0119283 2.61029e-09 0.00438819 6.74046e-10 -0.00125724 2.92269e-11
-2.49991e-11 0.00107537 -5.76542e-10 -0.00375342 -2.2327e-09 0.0102028 3.6529e-10 -0.0215994 -5.00313e-09 0.0356114 3.63976e-09 -0.045726 0 0.045726 -3.63976e-09 -0.0356114 5.00313e-09 0.0215994 -3.6529e-10 -0.0102028 2.2327e-09 0.00375342 5.76542e-10 -0.00107537 2.49991e-11
-2.00873e-11 0.000864086 -4.63264e-10 -0.00301595 -1.79402e-09 0.00819822 2.93519e-10 -0.0173556 -4.02013e-09 0.0286146 2.92463e-09 -0.0367419 0 0.0367419 -2.92463e-09 -0.0286146 4.02013e-09 0.0173556 -2.93519e-10 -0.00819822 1.79402e-09 0.00301595 4.63264e-10 -0.000864086 2.00873e-11
-1.51627e-11 0.000652246 -3.4969e-10 -0.00227656 -1.3542e-09 0.00618834 2.21559e-10 -0.0131007 -3.03455e-09 0.0215994 2.20762e-09 -0.0277342 0 0.0277342 -2.20762e-09 -0.0215994 3.03455e-09 0.0131007 -2.21559e-10 -0.00618834 1.3542e-09 0.00227656 3.4969e-10 -0.000652246 1.51627e-11
-1.0752e-11 0.000462512 -2.47968e-10 -0.00161432 -9.60272e-10 0.00438819 1.57109e-10 -0.0092898 -2.15182e-09 0.0153163 1.56544e-09 -0.0196665 0 0.0196665 -1.56544e-09 -0.0153163 2.15182e-09 0.0092898 -1.57109e-10 -0.00438819 9.60272e-10 0.00161432 2.47968e-10 -0.000462512 1.0752e-11
-7.16235e-12 0.000308099 -1.65182e-10 -0.00107537 -6.39679e-10 0.00292316 1.04657e-10 -0.00618834 -1.43342e-09 0.0102028 1.04281e-09 -0.0131007 0 0.0131007 -1.04281e-09 -0.0102028 1.43342e-09 0.00618834 -1.04657e-10 -0.00292316 6.39679e-10 0.00107537 1.65182e-10 -0.000308099 7.16235e-12
-4.48208e-12 0.000192804 -1.03368e-10 -0.000672951 -4.00301e-10 0.00182927 6.54928e-11 -0.00387256 -8.97012e-10 0.00638478 6.52573e-10 -0.00819822 0 0.00819822 -6.52573e-10 -0.00638478 8.97012e-10 0.00387256 -6.54928e-11 -0.00182927 4.00301e-10 0.000672951 1.03368e-10 -0.000192804 4.48208e-12
-2.63488e-12 0.000113343 -6.07671e-11 -0.000395607 -2.35325e-10 0.00107537 3.85013e-11 -0.00227656 -5.27326e-10 0.00375342 3.83628e-10 -0.00481948 0 0.00481948 -3.83628e-10 -0.00375342 5.27326e-10 0.00227656 -3.85013e-11 -0.00107537 2.35325e-10 0.000395607 6.07671e-11 -0.000113343 2.63488e-12
-1.45512e-12 6.25942e-05 -3.35588e-11 -0.000218475 -1.29959e-10 0.000593877 2.12624e-11 -0.00125724 -2.91217e-10 0.00207283 2.11859e-10 -0.00266157 0 0.00266157 -2.11859e-10 -0.00207283 2.91217e-10 0.00125724 -2.12624e-11 -0.000593877 1.29959e-10 0.000218475 3.35588e-11 -6.25942e-05 1.45512e-12
-7.54906e-13 3.24734e-05 -1.74101e-11 -0.000113343 -6.74217e-11 0.000308099 1.10308e-11 -0.000652246 -1.51082e-10 0.00107537 1.09911e-10 -0.0013808 0 0.0013808 -1.09911e-10 -0.00107537 1.51082e-10 0.000652246 -1.10308e-11 -0.000308099 6.74217e-11 0.000113343 1.74101e-11 -3.24734e-05 7.54906e-13
-3.67912e-13 1.58263e-05 -8.48498e-12 -5.52391e-05 -3.28587e-11 0.000150156 5.37598e-12 -0.000317879 -7.36313e-11 0.000524094 5.35664e-11 -0.000672951 0 0.000672951 -5.35664e-11 -0.000524094 7.36313e-11 0.000317879 -5.37598e-12 -0.000150156 3.28587e-11 5.52391e-05 8.48498e-12 -1.58263e-05 3.67912e-13

