-3.67912e-13 -7.54906e-13 -1.45512e-12 -2.63488e-12 -4.48208e-12 -7.16235e-12 -1.0752e-11 -1.51627e-11 -2.00873e-11 -2.49991e-11 -2.92269e-11 -3.20994e-11 -3.31184e-11 -3.20994e-11 -2.92269e-11 -2.49991e-11 -2.00873e-11 -1.51627e-11 -1.0752e-11 -7.16235e-12 -4.48208e-12 -2.63488e-12 -1.45512e-12 -7.54906e-13 -3.67912e-13
1.58263e-05 3.24734e-05 6.25942e-05 0.000113343 0.000192804 0.000308099 0.000462512 0.000652246 0.000864086 0.00107537 0.00125724 0.0013808 0.00142464 0.0013808 0.00125724 0.00107537 0.000864086 0.000652246 0.000462512 0.000308099 0.000192804 0.000113343 6.25942e-05 3.24734e-05 1.58263e-05
-8.48498e-12 -1.74101e-11 -3.35588e-11 -6.07671e-11 -1.03368e-10 -1.65182e-10 -2.47968e-10 -3.4969e-10 -4.63264e-10 -5.76542e-10 -6.74046e-10 -7.40294e-10 -7.63794e-10 -7.40294e-10 -6.74046e-10 -5.76542e-10 -4.63264e-10 -3.4969e-10 -2.47968e-10 -1.65182e-10 -1.03368e-10 -6.07671e-11 -3.35588e-11 -1.74101e-11 -8.48498e-12
-5.52391e-05 -0.000113343 -0.000218475 -0.000395607 -0.000672951 -0.00107537 -0.00161432 -0.00227656 -0.00301595 -0.00375342 -0.00438819 -0.00481948 -0.00497247 -0.00481948 -0.00438819 -0.00375342 -0.00301595 -0.00227656 -0.00161432 -0.00107537 -0.000672951 -0.000395607 -0.000218475 -0.000113343 -5.52391e-05
-3.28587e-11 -6.74217e-11 -1.29959e-10 -2.35325e-10 -4.00301e-10 -6.39679e-10 -9.60272e-10 -1.3542e-09 -1.79402e-09 -2.2327e-09 -2.61029e-09 -2.86684e-09 -2.95785e-09 -2.86684e-09 -2.61029e-09 -2.2327e-09 -1.79402e-09 -1.3542e-09 -9.60272e-10 -6.39679e-10 -4.00301e-10 -2.35325e-10 -1.29959e-10 -6.74217e-11 -3.28587e-11
0.000150156 0.000308099 0.000593877 0.00107537 0.00182927 0.00292316 0.00438819 0.00618834 0.00819822 0.0102028 0.0119283 0.0131007 0.0135166 0.0131007 0.0119283 0.0102028 0.00819822 0.00618834 0.00438819 0.00292316 0.00182927 0.00107537 0.000593877 0.000308099 0.000150156
5.37598e-12 1.10308e-11 2.12624e-11 3.85013e-11 6.54928e-11 1.04657e-10 1.57109e-10 2.21559e-10 2.93519e-10 3.6529e-10 4.27067e-10 4.69041e-10 4.8393e-10 4.69041e-10 4.27067e-10 3.6529e-10 2.93519e-10 2.21559e-10 1.57109e-10 1.04657e-10 6.54928e-11 3.85013e-11 2.12624e-11 1.10308e-11 5.37598e-12
-0.000317879 -0.000652246 -0.00125724 -0.00227656 -0.00387256 -0.00618834 -0.0092898 -0.0131007 -0.0173556 -0.0215994 -0.0252523 -0.0277342 -0.0286146 -0.0277342 -0.0252523 -0.0215994 -0.0173556 -0.0131007 -0.0092898 -0.00618834 -0.00387256 -0.00227656 -0.00125724 -0.000652246 -0.000317879
-7.36313e-11 -1.51082e-10 -2.91217e-10 -5.27326e-10 -8.97012e-10 -1.43342e-09 -2.15182e-09 -3.03455e-09 -4.02013e-09 -5.00313e-09 -5.84926e-09 -6.42415e-09 -6.62807e-09 -6.42415e-09 -5.84926e-09 -5.00313e-09 -4.02013e-09 -3.03455e-09 -2.15182e-09 -1.43342e-09 -8.97012e-10 -5.27326e-10 -2.91217e-10 -1.51082e-10 -7.36313e-11
0.000524094 0.00107537 0.00207283 0.00375342 0.00638478 0.0102028 0.0153163 0.0215994 0.0286146 0.0356114 0.041634 0.045726 0.0471775 0.045726 0.041634 0.0356114 0.0286146 0.0215994 0.0153163 0.0102028 0.00638478 0.00375342 0.00207283 0.00107537 0.000524094
5.35664e-11 1.09911e-10 2.11859e-10 3.83628e-10 6.52573e-10 1.04281e-09 1.56544e-09 2.20762e-09 2.92463e-09 3.63976e-09 4.25531e-09 4.67354e-09 4.8219e-09 4.67354e-09 4.25531e-09 3.63976e-09 2.92463e-09 2.20762e-09 1.56544e-09 1.04281e-09 6.52573e-10 3.83628e-10 2.11859e-10 1.09911e-10 5.35664e-11
-0.000672951 -0.0013808 -0.00266157 -0.00481948 -0.00819822 -0.0131007 -0.0196665 -0.0277342 -0.0367419 -0.045726 -0.0534591 -0.0587133 -0.0605771 -0.0587133 -0.0534591 -0.045726 -0.0367419 -0.0277342 -0.0196665 -0.0131007 -0.00819822 -0.00481948 -0.00266157 -0.0013808 -0.000672951
-8.0135e-19 -1.50724e-18 -2.64117e-18 -4.30429e-18 -6.5083e-18 -9.1002e-18 -1.17094e-17 -1.37608e-17 -1.45841e-17 -1.36126e-17 -1.06099e-17 -5.82632e-18 0 5.82632e-18 1.06099e-17 1.36126e-17 1.45841e-17 1.37608e-17 1.17094e-17 9.1002e-18 6.5083e-18 4.30429e-18 2.64117e-18 1.50724e-18 8.0135e-19
0.000672951 0.0013808 0.00266157 0.00481948 0.00819822 0.0131007 0.0196665 0.0277342 0.0367419 0.045726 0.0534591 0.0587133 0.0605771 0.0587133 0.0534591 0.045726 0.0367419 0.0277342 0.0196665 0.0131007 0.00819822 0.00481948 0.00266157 0.0013808 0.000672951
-5.35664e-11 -1.09911e-10 -2.11859e-10 -3.83628e-10 -6.52573e-10 -1.04281e-09 -1.56544e-09 -2.20762e-09 -2.92463e-09 -3.63976e-09 -4.25531e-09 -4.67354e-09 -4.8219e-09 -4.67354e-09 -4.25531e-09 -3.63976e-09 -2.92463e-09 -2.20762e-09 -1.56544e-09 -1.04281e-09 -6.52573e-10 -3.83628e-10 -2.11859e-10 -1.09911e-10 -5.35664e-11
-0.000524094 -0.00107537 -0.00207283 -0.00375342 -0.00638478 -0.0102028 -0.0153163 -0.0215994 -0.0286146 -0.0356114 -0.041634 -0.045726 -0.0471775 -0.045726 -0.041634 -0.0356114 -0.0286146 -0.0215994 -0.0153163 -0.0102028 -0.00638478 -0.00375342 -0.00207283 -0.00107537 -0.000524094
7.36313e-11 1.51082e-10 2.91217e-10 5.27326e-10 8.97012e-10 1.43342e-09 2.15182e-09 3.03455e-09 4.02013e-09 5.00313e-09 5.84926e-09 6.42415e-09 6.62807e-09 6.42415e-09 5.84926e-09 5.00313e-09 4.02013e-09 3.03455e-09 2.15182e-09 1.43342e-09 8.97012e-10 5.27326e-10 2.91217e-10 1.51082e-10 7.36313e-11
0.000317879 0.000652246 0.00125724 0.00227656 0.00387256 0.00618834 0.0092898 0.0131007 0.0173556 0.0215994 0.0252523 0.0277342 0.0286146 0.0277342 0.0252523 0.0215994 0.0173556 0.0131007 0.0092898 0.00618834 0.00387256 0.00227656 0.00125724 0.000652246 0.000317879
-5.37598e-12 -1.10308e-11 -2.12624e-11 -3.85013e-11 -6.54928e-11 -1.04657e-10 -1.57109e-10 -2.21559e-10 -2.93519e-10 -3.6529e-10 -4.27067e-10 -4.69041e-10 -4.8393e-10 -4.69041e-10 -4.27067e-10 -3.6529e-10 -2.93519e-10 -2.21559e-10 -1.57109e-10 -1.04657e-10 -6.54928e-11 -3.85013e-11 -2.12624e-11 -1.10308e-11 -5.37598e-12
-0.000150156 -0.000308099 -0.000593877 -0.00107537 -0.00182927 -0.00292316 -0.00438819 -0.00618834 -0.00819822 -0.0102028 -0.0119283 -0.0131007 -0.0135166 -0.0131007 -0.0119283 -0.0102028 -0.00819822 -0.00618834 -0.00438819 -0.00292316 -0.00182927 -0.00107537 -0.000593877 -0.000308099 -0.000150156
3.28587e-11 6.74217e-11 1.29959e-10 2.35325e-10 4.00301e-10 6.39679e-10 9.60272e-10 1.3542e-09 1.79402e-09 2.2327e-09 2.61029e-09 2.86684e-09 2.95785e-09 2.86684e-09 2.61029e-09 2.2327e-09 1.79402e-09 1.3542e-09 9.60272e-10 6.39679e-10 4.00301e-10 2.35325e-10 1.29959e-10 6.74217e-11 3.28587e-11
5.52391e-05 0.000113343 0.000218475 0.000395607 0.000672951 0.00107537 0.00161432 0.00227656 0.00301595 0.00375342 0.00438819 0.00481948 0.00497247 0.00481948 0.00438819 0.00375342 0.00301595 0.00227656 0.00161432 0.00107537 0.000672951 0.000395607 0.000218475 0.000113343 5.52391e-05
8.48498e-12 1.74101e-11 3.35588e-11 6.07671e-11 1.03368e-10 1.65182e-10 2.47968e-10 3.4969e-10 4.63264e-10 5.76542e-10 6.74046e-10 7.40294e-10 7.63794e-10 7.40294e-10 6.74046e-10 5.76542e-10 4.63264e-10 3.4969e-10 2.47968e-10 1.65182e-10 1.03368e-10 6.07671e-11 3.35588e-11 1.74101e-11 8.48498e-12
-1.58263e-05 -3.24734e-05 -6.25942e-05 -0.000113343 -0.000192804 -0.000308099 -0.000462512 -0.000652246 -0.000864086 -0.00107537 -0.00125724 -0.0013808 -0.00142464 -0.0013808 -0.00125724 -0.00107537 -0.000864086 -0.000652246 -0.000462512 -0.000308099 -0.000192804 -0.000113343 -6.25942e-05 -3.24734e-05 -1.58263e-05
3.67912e-13 7.54906e-13 1.45512e-12 2.63488e-12 4.48208e-12 7.16235e-12 1.0752e-11 1.51627e-11 2.00873e-11 2.49991e-11 2.92269e-11 3.20994e-11 3.31184e-11 3.20994e-11 2.92269e-11 2.49991e-11 2.00873e-11 1.51627e-11 1.0752e-11 7.16235e-12 4.48208e-12 2.63488e-12 1.45512e-12 7.54906e-13 3.67912e-13

