4.01566e-06 4.4213e-06 1.27006e-06 -5.90456e-06 -1.43539e-05 -1.79826e-05 -1.01744e-05 1.08896e-05 3.75325e-05 5.30332e-05 3.98498e-05 -7.12967e-06 -7.07481e-05 -0.00011467 -0.000102321 -2.29219e-05 9.2823e-05 0.000182253 0.000185189 8.41846e-05 -7.68107e-05 -0.00021196 -0.000242887 -0.000147566 2.3819e-05 0.000177838 0.00023351 0.000168857 2.94158e-05 -0.000104044 -0.000165021 -0.000135998 -4.9653e-05 3.86148e-05 8.53598e-05 7.93272e-05 3.89633e-05 -5.63351e-06 -3.18766e-05 -3.39095e-05 -1.98708e-05 -2.68329e-06 8.31515e-06 1.06553e-05 7.12207e-06 2.08757e-06 -1.38363e-06
5.5192e-06 4.4805e-06 -1.59612e-06 -1.19261e-05 -2.12177e-05 -2.07905e-05 -3.65048e-06 2.82979e-05 5.99596e-05 6.73026e-05 3.14771e-05 -4.37795e-05 -0.000124195 -0.000157209 -0.000103098 3.21044e-05 0.000186387 0.000268725 0.000213318 2.82405e-05 -0.000197093 -0.000337651 -0.000307363 -0.000115111 0.000136477 0.000311033 0.000319328 0.000169148 -4.59127e-05 -0.000207717 -0.000242706 -0.000156072 -1.5451e-05 9.78808e-05 0.000135593 0.000100098 3.00019e-05 -3.03279e-05 -5.55477e-05 -4.62548e-05 -1.97867e-05 4.66985e-06 1.65071e-05 1.5632e-05 8.14251e-06 5.96815e-07 -3.46605e-06
6.76699e-06 3.18381e-06 -6.79233e-06 -2.01365e-05 -2.81698e-05 -1.98115e-05 1.04764e-05 5.39849e-05 8.56328e-05 7.4434e-05 4.88928e-06 -0.000102846 -0.000191279 -0.000192178 -7.20971e-05 0.000131402 0.00031362 0.000355862 0.000201917 -9.19333e-05 -0.000374083 -0.000481024 -0.000338559 -1.42265e-05 0.000317439 0.000477734 0.00038919 0.000116329 -0.000181227 -0.000348322 -0.000320581 -0.000146723 5.74456e-05 0.000184846 0.000192688 0.000109806 2.70894e-06 -6.98643e-05 -8.50876e-05 -5.62042e-05 -1.3373e-05 1.78191e-05 2.75876e-05 2.05945e-05 7.60141e-06 -2.55631e-06 -6.51324e-06
7.16954e-06 -2.57848e-07 -1.47982e-05 -3.00032e-05 -3.32337e-05 -1.20612e-05 3.46062e-05 8.75217e-05 0.000109777 6.6152e-05 -4.78071e-05 -0.000186262 -0.000263981 -0.000202709 8.99538e-06 0.000283916 0.000466056 0.000418507 0.000120185 -0.000296367 -0.000604533 -0.000615028 -0.000298496 0.000184443 0.000572309 0.000657677 0.000408675 -1.99097e-05 -0.00038842 -0.000516262 -0.000375815 -8.52818e-05 0.000180957 0.000297771 0.000245717 9.60224e-05 -5.07014e-05 -0.000125397 -0.000116846 -5.87491e-05 2.94732e-06 3.78915e-05 4.07816e-05 2.40653e-05 4.30882e-06 -7.87758e-06 -1.04593e-05
5.93251e-06 -6.61621e-06 -2.56495e-05 -4.01126e-05 -3.3474e-05 5.76438e-06 7.00857e-05 0.000125895 0.000124428 3.23261e-05 -0.000132993 -0.000290429 -0.000326566 -0.000166145 0.000158 0.000490081 0.000621542 0.000419436 -6.58539e-05 -0.000596077 -0.00086735 -0.000694749 -0.000140834 0.000504436 0.00088969 0.000811389 0.000331695 -0.000268913 -0.000667745 -0.000686785 -0.000374741 5.31666e-05 0.000361502 0.00042613 0.000276618 4.36311e-05 -0.000136419 -0.000194356 -0.000143761 -4.72042e-05 3.262e-05 6.48792e-05 5.41167e-05 2.38728e-05 -3.03798e-06 -1.56335e-05 -1.49298e-05
2.14931e-06 -1.64086e-05 -3.86266e-05 -4.7984e-05 -2.52019e-05 3.6543e-05 0.0001161 0.000162631 0.00011859 -3.73336e-05 -0.000252651 -0.000403502 -0.000354946 -5.67181e-05 0.000386713 0.000735916 0.000741412 0.00031201 -0.000385597 -0.000983726 -0.00111763 -0.000658383 0.000181289 0.000952652 0.00123296 0.000878664 0.000106021 -0.000649848 -0.00099984 -0.000816912 -0.000275316 0.000290034 0.000594392 0.000547712 0.000260617 -6.25869e-05 -0.000256146 -0.000268667 -0.000155103 -1.40202e-05 7.7865e-05 9.68709e-05 6.41865e-05 1.73145e-05 -1.55511e-05 -2.5611e-05 -1.91411e-05
-5.0147e-06 -2.95919e-05 -5.19789e-05 -5.00929e-05 -4.5354e-06 8.16461e-05 0.000168533 0.000187431 7.94139e-05 -0.000150482 -0.000401021 -0.000503516 -0.000318163 0.000149169 0.000693776 0.000987837 0.000770919 4.73558e-05 -0.000852694 -0.00142409 -0.00128423 -0.000433942 0.000702406 0.00150689 0.00153463 0.00078238 -0.000315914 -0.00115988 -0.00133877 -0.000846002 -3.3656e-05 0.000634994 0.00085812 0.000627477 0.000168954 -0.000233737 -0.000403787 -0.000333545 -0.000137169 4.76399e-05 0.000138277 0.000129386 6.62008e-05 1.58027e-06 -3.37184e-05 -3.68741e-05 -2.18626e-05
-1.60533e-05 -4.52441e-05 -6.27945e-05 -4.22142e-05 3.16573e-05 0.000139681 0.00021915 0.000186715 -5.40408e-06 -0.00030851 -0.000561616 -0.000558394 -0.000182768 0.000465252 0.00105731 0.00119026 0.000644655 -0.000413676 -0.00145208 -0.0018472 -0.00127369 4.71699e-05 0.00142808 0.00210476 0.00169653 0.000439515 -0.000961339 -0.00176198 -0.00160887 -0.000701843 0.000385126 0.00107645 0.00111032 0.000619538 -2.56409e-05 -0.000471372 -0.000562509 -0.000367561 -7.52665e-05 0.000141623 0.00020939 0.00015508 5.44745e-05 -2.55463e-05 -5.69042e-05 -4.75931e-05 -2.14879e-05
-3.08033e-05 -6.1328e-05 -6.71329e-05 -2.01536e-05 8.45265e-05 0.00020535 0.000255512 0.000145413 -0.000144084 -0.000502762 -0.000705712 -0.000528884 7.97327e-05 0.00088641 0.00142948 0.00126824 0.000297956 -0.0010849 -0.00212827 -0.00214787 -0.000982604 0.000830254 0.00231765 0.00263822 0.0015989 -0.000220218 -0.00181889 -0.00237606 -0.00170848 -0.000313352 0.000992824 0.00157297 0.00128754 0.000473321 -0.000340964 -0.000761878 -0.000703323 -0.00034466 4.29674e-05 0.000266142 0.000281643 0.000164119 2.34354e-05 -6.47809e-05 -8.29036e-05 -5.50388e-05 -1.62527e-05
-4.81549e-05 -7.46486e-05 -6.05124e-05 1.91682e-05 0.000151946 0.00026883 0.000262033 5.0055e-05 -0.000336605 -0.000711672 -0.000793501 -0.000374952 0.000483112 0.00138046 0.0017356 0.0011368 -0.000316222 -0.00193848 -0.00277915 -0.00219471 -0.00031908 0.001914 0.00327127 0.00295805 0.00112008 -0.00123001 -0.00282204 -0.00287765 -0.00152273 0.000370718 0.00176348 0.00204885 0.0013108 0.000144109 -0.000776012 -0.00107229 -0.000786352 -0.000238483 0.00022323 0.000411393 0.000340241 0.00014543 -3.08962e-05 -0.000114399 -0.000107713 -5.58253e-05 -4.60574e-06
-6.58863e-05 -8.11063e-05 -3.87685e-05 7.64312e-05 0.000227518 0.000316106 0.00022238 -0.000107142 -0.000570875 -0.000900113 -0.000778807 -6.53435e-05 0.00101615 0.00188355 0.0018802 0.000717382 -0.00120744 -0.00289246 -0.00325957 -0.00185054 0.000769192 0.00322912 0.00412713 0.00289176 0.00016581 -0.00256046 -0.00383992 -0.00310816 -0.000945908 0.00135984 0.00262226 0.00239688 0.00109794 -0.000393148 -0.00130249 -0.00134947 -0.000765641 -2.87498e-05 0.000460041 0.000558249 0.000366397 8.88697e-05 -0.00010918 -0.000169528 -0.000125687 -4.64439e-05 1.4308e-05
-8.07243e-05 -7.62991e-05 8.04187e-07 0.000148728 0.000300286 0.00033056 0.000123094 -0.000323966 -0.000820488 -0.00102206 -0.000617506 0.000411117 0.00163465 0.00230202 0.00176109 -4.05056e-05 -0.00232943 -0.00380742 -0.00339798 -0.00100302 0.00226536 0.00462601 0.00467404 0.00227523 -0.00129637 -0.00409991 -0.00468139 -0.00289847 8.9122e-05 0.00260155 0.00344261 0.00249079 0.00058209 -0.00112937 -0.00185994 -0.00152428 -0.000597662 0.000291237 0.000733284 0.000678895 0.000340154 -1.19259e-05 -0.000207178 -0.000221976 -0.000130197 -2.40568e-05 4.01427e-05
-8.87025e-05 -5.644e-05 5.82465e-05 0.000228842 0.000355531 0.000295854 -4.21217e-05 -0.000584819 -0.00104533 -0.00102717 -0.000278694 0.00103504 0.00225895 0.00252274 0.00129086 -0.0011364 -0.00356915 -0.00449669 -0.00302642 0.000399242 0.0040603 0.00587848 0.0046817 0.000994547 -0.00320525 -0.00564851 -0.0051164 -0.00210466 0.00158006 0.00396959 0.00405574 0.00220746 -0.00026661 -0.00201015 -0.00235743 -0.00152163 -0.000252479 0.000707708 0.00100721 0.000739966 0.000244616 -0.000156572 -0.000314832 -0.00026086 -0.000114807 1.25724e-05 7.09635e-05
-8.58239e-05 -1.94437e-05 0.000129975 0.000305368 0.000376805 0.000199782 -0.000268402 -0.000859524 -0.00119589 -0.000870744 0.000243502 0.00175005 0.00277951 0.00243215 0.0004221 -0.00250083 -0.0047489 -0.00475244 -0.00202035 0.00231315 0.0059448 0.00670834 0.00394673 -0.000969929 -0.00538663 -0.00693262 -0.00491484 -0.000649948 0.00343092 0.0052665 0.00427435 0.00145627 -0.001421 -0.00293204 -0.00268347 -0.0012755 0.000274523 0.00118229 0.00123307 0.000708218 7.09208e-05 -0.000335615 -0.000416497 -0.000274142 -7.48151e-05 6.22253e-05 0.000103124
-6.89467e-05 3.40567e-05 0.000208416 0.000363917 0.000349061 3.83409e-05 -0.000537217 -0.00110538 -0.00122135 -0.00052563 0.000920538 0.00246343 0.00307189 0.00194155 -0.000829008 -0.00398865 -0.00564528 -0.00438533 -0.000340552 0.00458032 0.00762411 0.006831 0.00234698 -0.00350878 -0.00755591 -0.00764233 -0.00389818 0.00143642 0.00544335 0.00624497 0.00392857 0.000209906 -0.00278457 -0.00374996 -0.00272445 -0.000746741 0.000953451 0.00165268 0.00135583 0.000558023 -0.000177188 -0.000529727 -0.000492648 -0.000250956 -8.87059e-06 0.000120709 0.00013153
-3.67217e-05 0.000100059 0.000282508 0.000389403 0.000262354 -0.000181021 -0.000816459 -0.00127291 -0.00108029 6.79153e-06 0.00168573 0.00305598 0.00301961 0.00101377 -0.00236782 -0.00538891 -0.00602492 -0.00327142 0.00193356 0.00692837 0.0087578 0.00601594 -0.000108214 -0.00637008 -0.00934844 -0.00748889 -0.00199348 0.00399484 0.00733043 0.00664754 0.00290828 -0.0014713 -0.00419253 -0.00429689 -0.00238886 6.06174e-05 0.00171644 0.00203934 0.00132444 0.000279191 -0.000480522 -0.000711076 -0.000523032 -0.000184325 7.97611e-05 0.000180913 0.00015034
9.65639e-06 0.000171183 0.000339174 0.000369102 0.000115295 -0.000438038 -0.00106384 -0.00131468 -0.00075206 0.00068951 0.00243871 0.00340069 0.00254131 -0.000315573 -0.00402127 -0.00645307 -0.00569198 -0.00139566 0.00459028 0.00899988 0.00902092 0.0041502 -0.00324601 -0.00917666 -0.0103771 -0.00627212 0.000723667 0.00673594 0.0087553 0.00625926 0.00120219 -0.00342966 -0.00542948 -0.00441406 -0.00163266 0.00108903 0.00246241 0.00225812 0.00110378 -0.000116854 -0.000804578 -0.000847106 -0.000490825 -7.367e-05 0.000182705 0.000233582 0.000154021
6.61202e-05 0.000237451 0.000365617 0.000295868 -8.27077e-05 -0.000700971 -0.00123344 -0.00119581 -0.000245833 0.00144956 0.00305887 0.00338773 0.00161578 -0.00192895 -0.0055564 -0.00693876 -0.00453787 0.00112014 0.00730005 0.0104083 0.008176 0.00128887 -0.0067292 -0.0114769 -0.0103087 -0.00394266 0.00401115 0.00927187 0.0093907 0.00496256 -0.00107732 -0.00542115 -0.00626326 -0.0039862 -0.000479364 0.00222738 0.00307076 0.00223693 0.000685714 -0.000594553 -0.00110331 -0.000906305 -0.000386952 7.36167e-05 0.000287076 0.000268772 0.000138585
0.000125999 0.000287832 0.000352009 0.000170708 -0.000311251 -0.000930888 -0.00128451 -0.000903592 0.000395389 0.00218594 0.00342622 0.00295047 0.000298282 -0.00363498 -0.00671659 -0.00666105 -0.00258099 0.00401537 0.00966012 0.0108117 0.00613926 -0.00232297 -0.0100932 -0.0128231 -0.00894316 -0.000642112 0.0074774 0.0111768 0.00898841 0.00278082 -0.00369284 -0.00714865 -0.00648948 -0.002974 0.000971435 0.00332328 0.0034224 0.00193296 9.60888e-05 -0.00109677 -0.00132633 -0.000864916 -0.000213499 0.000242116 0.000377243 0.000277769 0.000102717
0.000180933 0.000312304 0.000293992 3.96107e-06 -0.000541212 -0.00108834 -0.00119057 -0.00045387 0.00109776 0.00278537 0.00344585 0.00208632 -0.00127771 -0.00519472 -0.00726954 -0.00553957 1.55797e-05 0.00691991 0.0112638 0.00999011 0.0030237 -0.00626775 -0.0128188 -0.012863 -0.0062769 0.00329343 0.0106354 0.012067 0.00744288 -0.000102538 -0.00630897 -0.00831317 -0.00597768 -0.00143486 0.00255139 0.00420698 0.00342411 0.00134636 -0.000604747 -0.00155273 -0.00142841 -0.000713066 1.48273e-05 0.00041015 0.000437533 0.00025506 4.84962e-05
0.000222297 0.000303986 0.000194316 -0.000185445 -0.000739324 -0.00114113 -0.000946697 0.00010812 0.00176693 0.00314312 0.00307036 0.000866303 -0.00291607 -0.00636253 -0.00705704 -0.00362937 0.00295608 0.00941246 0.0117808 0.00790599 -0.000855706 -0.0100143 -0.0144277 -0.0114236 -0.00253112 0.00737284 0.0129863 0.0116828 0.00483248 -0.00335798 -0.00854521 -0.0086732 -0.00470777 0.000474829 0.00404721 0.00472276 0.00303083 0.000526257 -0.0013291 -0.00189017 -0.00137921 -0.000458692 0.000271843 0.000553216 0.000455348 0.000199888 -1.85416e-05
0.000242863 0.000260851 6.31113e-05 -0.000372727 -0.000874218 -0.00107148 -0.000572972 0.000713252 0.00230426 0.00318449 0.00231457 -0.000570518 -0.00438931 -0.00693351 -0.00603437 -0.00112549 0.00585497 0.0110973 0.0110311 0.0047328 -0.0050207 -0.0130091 -0.0145811 -0.00856506 0.00186589 0.0110286 0.0141158 0.00995428 0.00142503 -0.00655781 -0.0100455 -0.00809858 -0.00278651 0.0025191 0.00523741 0.00476102 0.00225991 -0.000433311 -0.00197599 -0.00204938 -0.00117092 -0.000128015 0.000523716 0.000648469 0.000423987 0.000116937 -9.00945e-05
0.000238321 0.000186542 -8.34256e-05 -0.000531516 -0.000922654 -0.000880707 -0.000112776 0.00127977 0.00262543 0.0028819 0.00125809 -0.0020379 -0.00547979 -0.00678662 -0.0042889 0.00166237 0.00830351 0.0116828 0.00903229 0.000839793 -0.00890781 -0.014781 -0.0131572 -0.00458985 0.00634339 0.0137197 0.0137817 0.00703072 -0.00235729 -0.0092502 -0.0105491 -0.00660537 -0.000438032 0.00442102 0.00593427 0.00428351 0.00119328 -0.0014076 -0.00244951 -0.00199578 -0.000821739 0.000237922 0.000734827 0.000679281 0.000344452 1.59076e-05 -0.000156455
0.000208273 9.00218e-05 -0.000225736 -0.000638782 -0.00087444 -0.000590157 0.000374028 0.00172809 0.0026774 0.00226302 3.41946e-05 -0.003335 -0.00602174 -0.00591284 -0.00203161 0.00436183 0.00994613 0.0110437 0.00600882 -0.00326616 -0.0119704 -0.0150361 -0.010288 0 0.010288 0.0150361 0.0119704 0.00326616 -0.00600882 -0.0110437 -0.00994613 -0.00436183 0.00203161 0.00591284 0.00602174 0.003335 -3.41946e-05 -0.00226302 -0.0026774 -0.00172809 -0.000374028 0.000590157 0.00087444 0.000638782 0.000225736 -9.00218e-05 -0.000208273
0.000156455 -1.59076e-05 -0.000344452 -0.000679281 -0.000734827 -0.000237922 0.000821739 0.00199578 0.00244951 0.0014076 -0.00119328 -0.00428351 -0.00593427 -0.00442102 0.000438032 0.00660537 0.0105491 0.0092502 0.00235729 -0.00703072 -0.0137817 -0.0137197 -0.00634339 0.00458985 0.0131572 0.014781 0.00890781 -0.000839793 -0.00903229 -0.0116828 -0.00830351 -0.00166237 0.0042889 0.00678662 0.00547979 0.0020379 -0.00125809 -0.0028819 -0.00262543 -0.00127977 0.000112776 0.000880707 0.000922654 0.000531516 8.34256e-05 -0.000186542 -0.000238321
9.00945e-05 -0.000116937 -0.000423987 -0.000648469 -0.000523716 0.000128015 0.00117092 0.00204938 0.00197599 0.000433311 -0.00225991 -0.00476102 -0.00523741 -0.0025191 0.00278651 0.00809858 0.0100455 0.00655781 -0.00142503 -0.00995428 -0.0141158 -0.0110286 -0.00186589 0.00856506 0.0145811 0.0130091 0.0050207 -0.0047328 -0.0110311 -0.0110973 -0.00585497 0.00112549 0.00603437 0.00693351 0.00438931 0.000570518 -0.00231457 -0.00318449 -0.00230426 -0.000713252 0.000572972 0.00107148 0.000874218 0.000372727 -6.31113e-05 -0.000260851 -0.000242863
1.85416e-05 -0.000199888 -0.000455348 -0.000553216 -0.000271843 0.000458692 0.00137921 0.00189017 0.0013291 -0.000526257 -0.00303083 -0.00472276 -0.00404721 -0.000474829 0.00470777 0.0086732 0.00854521 0.00335798 -0.00483248 -0.0116828 -0.0129863 -0.00737284 0.00253112 0.0114236 0.0144277 0.0100143 0.000855706 -0.00790599 -0.0117808 -0.00941246 -0.00295608 0.00362937 0.00705704 0.00636253 0.00291607 -0.000866303 -0.00307036 -0.00314312 -0.00176693 -0.00010812 0.000946697 0.00114113 0.000739324 0.000185445 -0.000194316 -0.000303986 -0.000222297
-4.84962e-05 -0.00025506 -0.000437533 -0.00041015 -1.48273e-05 0.000713066 0.00142841 0.00155273 0.000604747 -0.00134636 -0.00342411 -0.00420698 -0.00255139 0.00143486 0.00597768 0.00831317 0.00630897 0.000102538 -0.00744288 -0.012067 -0.0106354 -0.00329343 0.0062769 0.012863 0.0128188 0.00626775 -0.0030237 -0.00999011 -0.0112638 -0.00691991 -1.55797e-05 0.00553957 0.00726954 0.00519472 0.00127771 -0.00208632 -0.00344585 -0.00278537 -0.00109776 0.00045387 0.00119057 0.00108834 0.000541212 -3.96107e-06 -0.000293992 -0.000312304 -0.000180933
-0.000102717 -0.000277769 -0.000377243 -0.000242116 0.000213499 0.000864916 0.00132633 0.00109677 -9.60888e-05 -0.00193296 -0.0034224 -0.00332328 -0.000971435 0.002974 0.00648948 0.00714865 0.00369284 -0.00278082 -0.00898841 -0.0111768 -0.0074774 0.000642112 0.00894316 0.0128231 0.0100932 0.00232297 -0.00613926 -0.0108117 -0.00966012 -0.00401537 0.00258099 0.00666105 0.00671659 0.00363498 -0.000298282 -0.00295047 -0.00342622 -0.00218594 -0.000395389 0.000903592 0.00128451 0.000930888 0.000311251 -0.000170708 -0.000352009 -0.000287832 -0.000125999
-0.000138585 -0.000268772 -0.000287076 -7.36167e-05 0.000386952 0.000906305 0.00110331 0.000594553 -0.000685714 -0.00223693 -0.00307076 -0.00222738 0.000479364 0.0039862 0.00626326 0.00542115 0.00107732 -0.00496256 -0.0093907 -0.00927187 -0.00401115 0.00394266 0.0103087 0.0114769 0.0067292 -0.00128887 -0.008176 -0.0104083 -0.00730005 -0.00112014 0.00453787 0.00693876 0.0055564 0.00192895 -0.00161578 -0.00338773 -0.00305887 -0.00144956 0.000245833 0.00119581 0.00123344 0.000700971 8.27077e-05 -0.000295868 -0.000365617 -0.000237451 -6.61202e-05
-0.000154021 -0.000233582 -0.000182705 7.367e-05 0.000490825 0.000847106 0.000804578 0.000116854 -0.00110378 -0.00225812 -0.00246241 -0.00108903 0.00163266 0.00441406 0.00542948 0.00342966 -0.00120219 -0.00625926 -0.0087553 -0.00673594 -0.000723667 0.00627212 0.0103771 0.00917666 0.00324601 -0.0041502 -0.00902092 -0.00899988 -0.00459028 0.00139566 0.00569198 0.00645307 0.00402127 0.000315573 -0.00254131 -0.00340069 -0.00243871 -0.00068951 0.00075206 0.00131468 0.00106384 0.000438038 -0.000115295 -0.000369102 -0.000339174 -0.000171183 -9.65639e-06
-0.00015034 -0.000180913 -7.97611e-05 0.000184325 0.000523032 0.000711076 0.000480522 -0.000279191 -0.00132444 -0.00203934 -0.00171644 -6.06174e-05 0.00238886 0.00429689 0.00419253 0.0014713 -0.00290828 -0.00664754 -0.00733043 -0.00399484 0.00199348 0.00748889 0.00934844 0.00637008 0.000108214 -0.00601594 -0.0087578 -0.00692837 -0.00193356 0.00327142 0.00602492 0.00538891 0.00236782 -0.00101377 -0.00301961 -0.00305598 -0.00168573 -6.79153e-06 0.00108029 0.00127291 0.000816459 0.000181021 -0.000262354 -0.000389403 -0.000282508 -0.000100059 3.67217e-05
-0.00013153 -0.000120709 8.87059e-06 0.000250956 0.000492648 0.000529727 0.000177188 -0.000558023 -0.00135583 -0.00165268 -0.000953451 0.000746741 0.00272445 0.00374996 0.00278457 -0.000209906 -0.00392857 -0.00624497 -0.00544335 -0.00143642 0.00389818 0.00764233 0.00755591 0.00350878 -0.00234698 -0.006831 -0.00762411 -0.00458032 0.000340552 0.00438533 0.00564528 0.00398865 0.000829008 -0.00194155 -0.00307189 -0.00246343 -0.000920538 0.00052563 0.00122135 0.00110538 0.000537217 -3.83409e-05 -0.000349061 -0.000363917 -0.000208416 -3.40567e-05 6.89467e-05
-0.000103124 -6.22253e-05 7.48151e-05 0.000274142 0.000416497 0.000335615 -7.09208e-05 -0.000708218 -0.00123307 -0.00118229 -0.000274523 0.0012755 0.00268347 0.00293204 0.001421 -0.00145627 -0.00427435 -0.0052665 -0.00343092 0.000649948 0.00491484 0.00693262 0.00538663 0.000969929 -0.00394673 -0.00670834 -0.0059448 -0.00231315 0.00202035 0.00475244 0.0047489 0.00250083 -0.0004221 -0.00243215 -0.00277951 -0.00175005 -0.000243502 0.000870744 0.00119589 0.000859524 0.000268402 -0.000199782 -0.000376805 -0.000305368 -0.000129975 1.94437e-05 8.58239e-05
-7.09635e-05 -1.25724e-05 0.000114807 0.00026086 0.000314832 0.000156572 -0.000244616 -0.000739966 -0.00100721 -0.000707708 0.000252479 0.00152163 0.00235743 0.00201015 0.00026661 -0.00220746 -0.00405574 -0.00396959 -0.00158006 0.00210466 0.0051164 0.00564851 0.00320525 -0.000994547 -0.0046817 -0.00587848 -0.0040603 -0.000399242 0.00302642 0.00449669 0.00356915 0.0011364 -0.00129086 -0.00252274 -0.00225895 -0.00103504 0.000278694 0.00102717 0.00104533 0.000584819 4.21217e-05 -0.000295854 -0.000355531 -0.000228842 -5.82465e-05 5.644e-05 8.87025e-05
-4.01427e-05 2.40568e-05 0.000130197 0.000221976 0.000207178 1.19259e-05 -0.000340154 -0.000678895 -0.000733284 -0.000291237 0.000597662 0.00152428 0.00185994 0.00112937 -0.00058209 -0.00249079 -0.00344261 -0.00260155 -8.9122e-05 0.00289847 0.00468139 0.00409991 0.00129637 -0.00227523 -0.00467404 -0.00462601 -0.00226536 0.00100302 0.00339798 0.00380742 0.00232943 4.05056e-05 -0.00176109 -0.00230202 -0.00163465 -0.000411117 0.000617506 0.00102206 0.000820488 0.000323966 -0.000123094 -0.00033056 -0.000300286 -0.000148728 -8.04187e-07 7.62991e-05 8.07243e-05
-1.4308e-05 4.64439e-05 0.000125687 0.000169528 0.00010918 -8.88697e-05 -0.000366397 -0.000558249 -0.000460041 2.87498e-05 0.000765641 0.00134947 0.00130249 0.000393148 -0.00109794 -0.00239688 -0.00262226 -0.00135984 0.000945908 0.00310816 0.00383992 0.00256046 -0.00016581 -0.00289176 -0.00412713 -0.00322912 -0.000769192 0.00185054 0.00325957 0.00289246 0.00120744 -0.000717382 -0.0018802 -0.00188355 -0.00101615 6.53435e-05 0.000778807 0.000900113 0.000570875 0.000107142 -0.00022238 -0.000316106 -0.000227518 -7.64312e-05 3.87685e-05 8.11063e-05 6.58863e-05
4.60574e-06 5.58253e-05 0.000107713 0.000114399 3.08962e-05 -0.00014543 -0.000340241 -0.000411393 -0.00022323 0.000238483 0.000786352 0.00107229 0.000776012 -0.000144109 -0.0013108 -0.00204885 -0.00176348 -0.000370718 0.00152273 0.00287765 0.00282204 0.00123001 -0.00112008 -0.00295805 -0.00327127 -0.001914 0.00031908 0.00219471 0.00277915 0.00193848 0.000316222 -0.0011368 -0.0017356 -0.00138046 -0.000483112 0.000374952 0.000793501 0.000711672 0.000336605 -5.0055e-05 -0.000262033 -0.00026883 -0.000151946 -1.91682e-05 6.05124e-05 7.46486e-05 4.81549e-05
1.62527e-05 5.50388e-05 8.29036e-05 6.47809e-05 -2.34354e-05 -0.000164119 -0.000281643 -0.000266142 -4.29674e-05 0.00034466 0.000703323 0.000761878 0.000340964 -0.000473321 -0.00128754 -0.00157297 -0.000992824 0.000313352 0.00170848 0.00237606 0.00181889 0.000220218 -0.0015989 -0.00263822 -0.00231765 -0.000830254 0.000982604 0.00214787 0.00212827 0.0010849 -0.000297956 -0.00126824 -0.00142948 -0.00088641 -7.97327e-05 0.000528884 0.000705712 0.000502762 0.000144084 -0.000145413 -0.000255512 -0.00020535 -8.45265e-05 2.01536e-05 6.71329e-05 6.1328e-05 3.08033e-05
2.14879e-05 4.75931e-05 5.69042e-05 2.55463e-05 -5.44745e-05 -0.00015508 -0.00020939 -0.000141623 7.52665e-05 0.000367561 0.000562509 0.000471372 2.56409e-05 -0.000619538 -0.00111032 -0.00107645 -0.000385126 0.000701843 0.00160887 0.00176198 0.000961339 -0.000439515 -0.00169653 -0.00210476 -0.00142808 -4.71699e-05 0.00127369 0.0018472 0.00145208 0.000413676 -0.000644655 -0.00119026 -0.00105731 -0.000465252 0.000182768 0.000558394 0.000561616 0.00030851 5.40408e-06 -0.000186715 -0.00021915 -0.000139681 -3.16573e-05 4.22142e-05 6.27945e-05 4.52441e-05 1.60533e-05
2.18626e-05 3.68741e-05 3.37184e-05 -1.58027e-06 -6.62008e-05 -0.000129386 -0.000138277 -4.76399e-05 0.000137169 0.000333545 0.000403787 0.000233737 -0.000168954 -0.000627477 -0.00085812 -0.000634994 3.3656e-05 0.000846002 0.00133877 0.00115988 0.000315914 -0.00078238 -0.00153463 -0.00150689 -0.000702406 0.000433942 0.00128423 0.00142409 0.000852694 -4.73558e-05 -0.000770919 -0.000987837 -0.000693776 -0.000149169 0.000318163 0.000503516 0.000401021 0.000150482 -7.94139e-05 -0.000187431 -0.000168533 -8.16461e-05 4.5354e-06 5.00929e-05 5.19789e-05 2.95919e-05 5.0147e-06
1.91411e-05 2.5611e-05 1.55511e-05 -1.73145e-05 -6.41865e-05 -9.68709e-05 -7.7865e-05 1.40202e-05 0.000155103 0.000268667 0.000256146 6.25869e-05 -0.000260617 -0.000547712 -0.000594392 -0.000290034 0.000275316 0.000816912 0.00099984 0.000649848 -0.000106021 -0.000878664 -0.00123296 -0.000952652 -0.000181289 0.000658383 0.00111763 0.000983726 0.000385597 -0.00031201 -0.000741412 -0.000735916 -0.000386713 5.67181e-05 0.000354946 0.000403502 0.000252651 3.73336e-05 -0.00011859 -0.000162631 -0.0001161 -3.6543e-05 2.52019e-05 4.7984e-05 3.86266e-05 1.64086e-05 -2.14931e-06
1.49298e-05 1.56335e-05 3.03798e-06 -2.38728e-05 -5.41167e-05 -6.48792e-05 -3.262e-05 4.72042e-05 0.000143761 0.000194356 0.000136419 -4.36311e-05 -0.000276618 -0.00042613 -0.000361502 -5.31666e-05 0.000374741 0.000686785 0.000667745 0.000268913 -0.000331695 -0.000811389 -0.00088969 -0.000504436 0.000140834 0.000694749 0.00086735 0.000596077 6.58539e-05 -0.000419436 -0.000621542 -0.000490081 -0.000158 0.000166145 0.000326566 0.000290429 0.000132993 -3.23261e-05 -0.000124428 -0.000125895 -7.00857e-05 -5.76438e-06 3.3474e-05 4.01126e-05 2.56495e-05 6.61621e-06 -5.93251e-06
1.04593e-05 7.87758e-06 -4.30882e-06 -2.40653e-05 -4.07816e-05 -3.78915e-05 -2.94732e-06 5.87491e-05 0.000116846 0.000125397 5.07014e-05 -9.60224e-05 -0.000245717 -0.000297771 -0.000180957 8.52818e-05 0.000375815 0.000516262 0.00038842 1.99097e-05 -0.000408675 -0.000657677 -0.000572309 -0.000184443 0.000298496 0.000615028 0.000604533 0.000296367 -0.000120185 -0.000418507 -0.000466056 -0.000283916 -8.99538e-06 0.000202709 0.000263981 0.000186262 4.78071e-05 -6.6152e-05 -0.000109777 -8.75217e-05 -3.46062e-05 1.20612e-05 3.32337e-05 3.00032e-05 1.47982e-05 2.57848e-07 -7.16954e-06
6.51324e-06 2.55631e-06 -7.60141e-06 -2.05945e-05 -2.75876e-05 -1.78191e-05 1.3373e-05 5.62042e-05 8.50876e-05 6.98643e-05 -2.70894e-06 -0.000109806 -0.000192688 -0.000184846 -5.74456e-05 0.000146723 0.000320581 0.000348322 0.000181227 -0.000116329 -0.00038919 -0.000477734 -0.000317439 1.42265e-05 0.000338559 0.000481024 0.000374083 9.19333e-05 -0.000201917 -0.000355862 -0.00031362 -0.000131402 7.20971e-05 0.000192178 0.000191279 0.000102846 -4.88928e-06 -7.4434e-05 -8.56328e-05 -5.39849e-05 -1.04764e-05 1.98115e-05 2.81698e-05 2.01365e-05 6.79233e-06 -3.18381e-06 -6.76699e-06
3.46605e-06 -5.96815e-07 -8.14251e-06 -1.5632e-05 -1.65071e-05 -4.66985e-06 1.97867e-05 4.62548e-05 5.55477e-05 3.03279e-05 -3.00019e-05 -0.000100098 -0.000135593 -9.78808e-05 1.5451e-05 0.000156072 0.000242706 0.000207717 4.59127e-05 -0.000169148 -0.000319328 -0.000311033 -0.000136477 0.000115111 0.000307363 0.000337651 0.000197093 -2.82405e-05 -0.000213318 -0.000268725 -0.000186387 -3.21044e-05 0.000103098 0.000157209 0.000124195 4.37795e-05 -3.14771e-05 -6.73026e-05 -5.99596e-05 -2.82979e-05 3.65048e-06 2.07905e-05 2.12177e-05 1.19261e-05 1.59612e-06 -4.4805e-06 -5.5192e-06
1.38363e-06 -2.08757e-06 -7.12207e-06 -1.06553e-05 -8.31515e-06 2.68329e-06 1.98708e-05 3.39095e-05 3.18766e-05 5.63351e-06 -3.89633e-05 -7.93272e-05 -8.53598e-05 -3.86148e-05 4.9653e-05 0.000135998 0.000165021 0.000104044 -2.94158e-05 -0.000168857 -0.00023351 -0.000177838 -2.3819e-05 0.000147566 0.000242887 0.00021196 7.68107e-05 -8.41846e-05 -0.000185189 -0.000182253 -9.2823e-05 2.29219e-05 0.000102321 0.00011467 7.07481e-05 7.12967e-06 -3.98498e-05 -5.30332e-05 -3.75325e-05 -1.08896e-05 1.01744e-05 1.79826e-05 1.43539e-05 5.90456e-06 -1.27006e-06 -4.4213e-06 -4.01566e-06

