-1.02884e-05 -1.14451e-05 7.61492e-06 3.94869e-05 4.33096e-05 -1.93103e-05 -0.000113911 -0.000122756 3.40221e-05 0.000246955 0.000260832 -3.83605e-05 -0.000402267 -0.000415747 1.94264e-05 0.000492199 0.000497365 1.51778e-05 -0.000452224 -0.000446771 -4.00706e-05 0.000311872 0.000301444 4.05899e-05 -0.000161355 -0.000152812 -2.5733e-05 6.25888e-05 5.82148e-05 1.12509e-05 -1.81871e-05 -1.66689e-05 -3.51893e-06
-1.38671e-05 -2.53523e-05 -5.91759e-06 5.14672e-05 9.21521e-05 2.78233e-05 -0.000143239 -0.000251707 -8.87762e-05 0.000298709 0.000516731 0.000201224 -0.000466298 -0.000797397 -0.000330935 0.0005442 0.000925055 0.000399475 -0.000474031 -0.00080681 -0.00035641 0.000307482 0.000529053 0.000236099 -0.000148052 -0.000260826 -0.000116487 5.26708e-05 9.66743e-05 4.29006e-05 -1.37457e-05 -2.69372e-05 -1.18133e-05
-1.34771e-05 -4.34454e-05 -3.64079e-05 4.66953e-05 0.000153555 0.000129065 -0.000119707 -0.000408039 -0.000341352 0.000225615 0.00081513 0.000674758 -0.0003094 -0.00122406 -0.000998219 0.000303054 0.00138157 0.00110632 -0.000203994 -0.00117182 -0.000919311 8.49935e-05 0.000746744 0.000573119 -1.23507e-05 -0.000357427 -0.000268193 -8.84732e-06 0.000128456 9.42427e-05 7.04073e-06 -3.46488e-05 -2.48763e-05
-4.17773e-06 -5.98858e-05 -8.69553e-05 6.26874e-06 0.000205557 0.000291832 1.10353e-05 -0.000529828 -0.000735404 -8.9746e-05 0.00102508 0.00139195 0.000258994 -0.00148791 -0.00197945 -0.000463502 0.00161927 0.00211537 0.000570389 -0.00132019 -0.00169911 -0.000501477 0.000805524 0.00102591 0.000320845 -0.000367339 -0.000465675 -0.000150931 0.000124976 0.000158918 5.25354e-05 -3.16448e-05 -4.07746e-05
1.91214e-05 -6.33543e-05 -0.000152106 -8.83493e-05 0.000207478 0.000494991 0.00029948 -0.000507185 -0.00121104 -0.000750099 0.000923391 0.00222763 0.00139466 -0.00124817 -0.00308072 -0.00193106 0.00124695 0.0032031 0.00199565 -0.000914256 -0.00250364 -0.00154191 0.000486293 0.001471 0.000891802 -0.000183693 -0.000649583 -0.000386488 4.70537e-05 0.000215554 0.0001256 -7.13032e-06 -5.37377e-05
5.875e-05 -3.85726e-05 -0.000212903 -0.000243857 0.000106343 0.000674088 0.000758263 -0.000202078 -0.00160389 -0.00176772 0.000239909 0.00286723 0.00309169 -0.000107736 -0.00385 -0.00405871 -0.000173539 0.00388168 0.00400101 0.000408684 -0.00293735 -0.00296266 -0.000436098 0.00166739 0.00164832 0.000298228 -0.000709539 -0.000689189 -0.000141767 0.000226154 0.000216592 4.83822e-05 -5.39324e-05
0.000110589 2.84201e-05 -0.00023607 -0.000441168 -0.00014361 0.000720795 0.00132255 0.000497474 -0.00164883 -0.00297995 -0.0012295 0.0028229 0.00504725 0.00220974 -0.00361237 -0.00642672 -0.00291884 0.00344913 0.0061523 0.00285204 -0.00245135 -0.00442802 -0.00207028 0.00129246 0.0023961 0.00111973 -0.00050303 -0.000974779 -0.000452197 0.000143408 0.000298114 0.00013657 -2.95595e-05
0.000161384 0.000141744 -0.000181044 -0.000626076 -0.000550781 0.000507891 0.00182602 0.00159724 -0.00104616 -0.00400375 -0.00346271 0.00156452 0.00659889 0.00561915 -0.00166413 -0.00817444 -0.00683224 0.00120468 0.00760941 0.00622914 -0.000522565 -0.0053217 -0.0042612 5.37802e-05 0.00279532 0.0021882 9.22597e-05 -0.0011024 -0.000843846 -7.09028e-05 0.000326272 0.000244454 2.82847e-05
0.00018942 0.000286958 -1.59129e-05 -0.00071352 -0.00105682 -5.80937e-05 0.00201816 0.00292256 0.00040771 -0.00428444 -0.00607087 -0.00123645 0.00682325 0.00947501 0.00238532 -0.00814633 -0.0111133 -0.00319063 0.00728523 0.00979732 0.00306045 -0.00487495 -0.00649277 -0.00214054 0.00243746 0.00323481 0.00110209 -0.000908932 -0.00121167 -0.00042018 0.00025214 0.000341228 0.000119094
0.000170207 0.000427245 0.000261839 -0.0006112 -0.00152605 -0.000971175 0.00163777 0.00409802 0.0026639 -0.00326713 -0.00827378 -0.00542732 0.00483602 0.012559 0.00823771 -0.00528577 -0.0143323 -0.00933504 0.00423401 0.0122957 0.00791059 -0.00245432 -0.00792905 -0.0050189 0.0010054 0.00384289 0.00238629 -0.000275958 -0.00139953 -0.000850887 4.28141e-05 0.000382902 0.000227671
8.65907e-05 0.000509332 0.000609176 -0.000259323 -0.00176992 -0.00207807 0.000530373 0.00462188 0.00531541 -0.000657689 -0.00906765 -0.0102009 0.000227885 0.0133616 0.0146954 0.00081732 -0.0147829 -0.0158978 -0.00183157 0.0122745 0.0129195 0.00207147 -0.00764461 -0.00788887 -0.00153075 0.0035687 0.00362021 0.000791729 -0.00124763 -0.00124873 -0.000294945 0.000326286 0.000323796
-6.02919e-05 0.000480413 0.000937111 0.00032819 -0.00160922 -0.00308332 -0.00123537 0.00403785 0.0076251 0.0033306 -0.00758155 -0.0141752 -0.00654329 0.0106375 0.0198109 0.0094592 -0.0111327 -0.020816 -0.0101234 0.00866851 0.0164443 0.00805308 -0.00500407 -0.00976682 -0.00477496 0.00213028 0.00436108 0.0021146 -0.00066323 -0.00146387 -0.000700471 0.000148872 0.000369345
-0.000244796 0.000311322 0.00113261 0.00104271 -0.000955581 -0.00362577 -0.00331568 0.00215061 0.00872565 0.00788372 -0.00350561 -0.0157844 -0.0140337 0.00404523 0.0214601 0.0187202 -0.00314101 -0.0219244 -0.0187269 0.00140183 0.0168272 0.0140571 -4.53323e-05 -0.00969965 -0.0079215 -0.000410314 0.00419758 0.00335246 0.000314423 -0.00136314 -0.00106585 -0.000133774 0.000331994
-0.000420163 1.59386e-05 0.00109891 0.00169804 0.00012395 -0.00341078 -0.00515329 -0.000813325 0.00794514 0.0117481 0.00260931 -0.0138825 -0.0201235 -0.00543641 0.0181827 0.0259052 0.00791017 -0.0178359 -0.025066 -0.0082812 0.0130885 0.0182325 0.00633321 -0.0071749 -0.00997027 -0.00356935 0.00293237 0.00409909 0.00149071 -0.000891101 -0.00126705 -0.000463068 0.00020057
-0.000532476 -0.000344126 0.000798745 0.00208754 0.00139684 -0.00234601 -0.00615296 -0.00419645 0.00512748 0.0136351 0.00936914 -0.00831015 -0.0227172 -0.0155897 0.00993563 0.0284547 0.0193725 -0.00869229 -0.0267932 -0.0180056 0.00548806 0.0189635 0.0125317 -0.00243516 -0.0100871 -0.006537 0.000713772 0.00403172 0.00255756 -0.000111286 -0.00121053 -0.000750921 -5.32081e-06
-0.000540643 -0.000675161 0.00027996 0.00206196 0.00252678 -0.00061473 -0.00590946 -0.0070914 0.000787762 0.0127236 0.0149334 -0.000137032 -0.020575 -0.0236078 -0.00163188 0.0249791 0.0280279 0.00361297 -0.0227575 -0.0249974 -0.00435194 0.0155501 0.0167524 0.00348034 -0.00796334 -0.00843763 -0.00195988 0.00305359 0.0031944 0.000797252 -0.000875731 -0.000909139 -0.000237435
-0.000433763 -0.000883216 -0.000332131 0.00159396 0.00318945 0.00135962 -0.00438701 -0.00865712 -0.00400024 0.00903338 0.0176642 0.0085925 -0.0138963 -0.0270965 -0.0135966 0.0159395 0.03125 0.0159395 -0.0135966 -0.0270965 -0.0138963 0.0085925 0.0176642 0.00903338 -0.00400024 -0.00865712 -0.00438701 0.00135962 0.00318945 0.00159396 -0.000332131 -0.000883216 -0.000433763
-0.000237435 -0.000909139 -0.000875731 0.000797252 0.0031944 0.00305359 -0.00195988 -0.00843763 -0.00796334 0.00348034 0.0167524 0.0155501 -0.00435194 -0.0249974 -0.0227575 0.00361297 0.0280279 0.0249791 -0.00163188 -0.0236078 -0.020575 -0.000137032 0.0149334 0.0127236 0.000787762 -0.0070914 -0.00590946 -0.00061473 0.00252678 0.00206196 0.00027996 -0.000675161 -0.000540643
-5.32081e-06 -0.000750921 -0.00121053 -0.000111286 0.00255756 0.00403172 0.000713772 -0.006537 -0.0100871 -0.00243516 0.0125317 0.0189635 0.00548806 -0.0180056 -0.0267932 -0.00869229 0.0193725 0.0284547 0.00993563 -0.0155897 -0.0227172 -0.00831015 0.00936914 0.0136351 0.00512748 -0.00419645 -0.00615296 -0.00234601 0.00139684 0.00208754 0.000798745 -0.000344126 -0.000532476
0.00020057 -0.000463068 -0.00126705 -0.000891101 0.00149071 0.00409909 0.00293237 -0.00356935 -0.00997027 -0.0071749 0.00633321 0.0182325 0.0130885 -0.0082812 -0.025066 -0.0178359 0.00791017 0.0259052 0.0181827 -0.00543641 -0.0201235 -0.0138825 0.00260931 0.0117481 0.00794514 -0.000813325 -0.00515329 -0.00341078 0.00012395 0.00169804 0.00109891 1.59386e-05 -0.000420163
0.000331994 -0.000133774 -0.00106585 -0.00136314 0.000314423 0.00335246 0.00419758 -0.000410314 -0.0079215 -0.00969965 -4.53323e-05 0.0140571 0.0168272 0.00140183 -0.0187269 -0.0219244 -0.00314101 0.0187202 0.0214601 0.00404523 -0.0140337 -0.0157844 -0.00350561 0.00788372 0.00872565 0.00215061 -0.00331568 -0.00362577 -0.000955581 0.00104271 0.00113261 0.000311322 -0.000244796
0.000369345 0.000148872 -0.000700471 -0.00146387 -0.00066323 0.0021146 0.00436108 0.00213028 -0.00477496 -0.00976682 -0.00500407 0.00805308 0.0164443 0.00866851 -0.0101234 -0.020816 -0.0111327 0.0094592 0.0198109 0.0106375 -0.00654329 -0.0141752 -0.00758155 0.0033306 0.0076251 0.00403785 -0.00123537 -0.00308332 -0.00160922 0.00032819 0.000937111 0.000480413 -6.02919e-05
0.000323796 0.000326286 -0.000294945 -0.00124873 -0.00124763 0.000791729 0.00362021 0.0035687 -0.00153075 -0.00788887 -0.00764461 0.00207147 0.0129195 0.0122745 -0.00183157 -0.0158978 -0.0147829 0.00081732 0.0146954 0.0133616 0.000227885 -0.0102009 -0.00906765 -0.000657689 0.00531541 0.00462188 0.000530373 -0.00207807 -0.00176992 -0.000259323 0.000609176 0.000509332 8.65907e-05
0.000227671 0.000382902 4.28141e-05 -0.000850887 -0.00139953 -0.000275958 0.00238629 0.00384289 0.0010054 -0.0050189 -0.00792905 -0.00245432 0.00791059 0.0122957 0.00423401 -0.00933504 -0.0143323 -0.00528577 0.00823771 0.012559 0.00483602 -0.00542732 -0.00827378 -0.00326713 0.0026639 0.00409802 0.00163777 -0.000971175 -0.00152605 -0.0006112 0.000261839 0.000427245 0.000170207
0.000119094 0.000341228 0.00025214 -0.00042018 -0.00121167 -0.000908932 0.00110209 0.00323481 0.00243746 -0.00214054 -0.00649277 -0.00487495 0.00306045 0.00979732 0.00728523 -0.00319063 -0.0111133 -0.00814633 0.00238532 0.00947501 0.00682325 -0.00123645 -0.00607087 -0.00428444 0.00040771 0.00292256 0.00201816 -5.80937e-05 -0.00105682 -0.00071352 -1.59129e-05 0.000286958 0.00018942
2.82847e-05 0.000244454 0.000326272 -7.09028e-05 -0.000843846 -0.0011024 9.22597e-05 0.0021882 0.00279532 5.37802e-05 -0.0042612 -0.0053217 -0.000522565 0.00622914 0.00760941 0.00120468 -0.00683224 -0.00817444 -0.00166413 0.00561915 0.00659889 0.00156452 -0.00346271 -0.00400375 -0.00104616 0.00159724 0.00182602 0.000507891 -0.000550781 -0.000626076 -0.000181044 0.000141744 0.000161384
-2.95595e-05 0.00013657 0.000298114 0.000143408 -0.000452197 -0.000974779 -0.00050303 0.00111973 0.0023961 0.00129246 -0.00207028 -0.00442802 -0.00245135 0.00285204 0.0061523 0.00344913 -0.00291884 -0.00642672 -0.00361237 0.00220974 0.00504725 0.0028229 -0.0012295 -0.00297995 -0.00164883 0.000497474 0.00132255 0.000720795 -0.00014361 -0.000441168 -0.00023607 2.84201e-05 0.000110589
-5.39324e-05 4.83822e-05 0.000216592 0.000226154 -0.000141767 -0.000689189 -0.000709539 0.000298228 0.00164832 0.00166739 -0.000436098 -0.00296266 -0.00293735 0.000408684 0.00400101 0.00388168 -0.000173539 -0.00405871 -0.00385 -0.000107736 0.00309169 0.00286723 0.000239909 -0.00176772 -0.00160389 -0.000202078 0.000758263 0.000674088 0.000106343 -0.000243857 -0.000212903 -3.85726e-05 5.875e-05
-5.37377e-05 -7.13032e-06 0.0001256 0.000215554 4.70537e-05 -0.000386488 -0.000649583 -0.000183693 0.000891802 0.001471 0.000486293 -0.00154191 -0.00250364 -0.000914256 0.00199565 0.0032031 0.00124695 -0.00193106 -0.00308072 -0.00124817 0.00139466 0.00222763 0.000923391 -0.000750099 -0.00121104 -0.000507185 0.00029948 0.000494991 0.000207478 -8.83493e-05 -0.000152106 -6.33543e-05 1.91214e-05
-4.07746e-05 -3.16448e-05 5.25354e-05 0.000158918 0.000124976 -0.000150931 -0.000465675 -0.000367339 0.000320845 0.00102591 0.000805524 -0.000501477 -0.00169911 -0.00132019 0.000570389 0.00211537 0.00161927 -0.000463502 -0.00197945 -0.00148791 0.000258994 0.00139195 0.00102508 -8.9746e-05 -0.000735404 -0.000529828 1.10353e-05 0.000291832 0.000205557 6.26874e-06 -8.69553e-05 -5.98858e-05 -4.17773e-06
-2.48763e-05 -3.46488e-05 7.04073e-06 9.42427e-05 0.000128456 -8.84732e-06 -0.000268193 -0.000357427 -1.23507e-05 0.000573119 0.000746744 8.49935e-05 -0.000919311 -0.00117182 -0.000203994 0.00110632 0.00138157 0.000303054 -0.000998219 -0.00122406 -0.0003094 0.000674758 0.00081513 0.000225615 -0.000341352 -0.000408039 -0.000119707 0.000129065 0.000153555 4.66953e-05 -3.64079e-05 -4.34454e-05 -1.34771e-05
-1.18133e-05 -2.69372e-05 -1.37457e-05 4.29006e-05 9.66743e-05 5.26708e-05 -0.000116487 -0.000260826 -0.000148052 0.000236099 0.000529053 0.000307482 -0.00035641 -0.00080681 -0.000474031 0.000399475 0.000925055 0.0005442 -0.000330935 -0.000797397 -0.000466298 0.000201224 0.000516731 0.000298709 -8.87762e-05 -0.000251707 -0.000143239 2.78233e-05 9.21521e-05 5.14672e-05 -5.91759e-06 -2.53523e-05 -1.38671e-05
-3.51893e-06 -1.66689e-05 -1.81871e-05 1.12509e-05 5.82148e-05 6.25888e-05 -2.5733e-05 -0.000152812 -0.000161355 4.05899e-05 0.000301444 0.000311872 -4.00706e-05 -0.000446771 -0.000452224 1.51778e-05 0.000497365 0.000492199 1.94264e-05 -0.000415747 -0.000402267 -3.83605e-05 0.000260832 0.000246955 3.40221e-05 -0.000122756 -0.000113911 -1.93103e-05 4.33096e-05 3.94869e-05 7.61492e-06 -1.14451e-05 -1.02884e-05

