7.71311e-06 -9.41242e-12 -3.0506e-05 -2.12394e-12 9.39649e-05 -4.39568e-11 -0.00022541 4.33574e-11 0.000421122 4.84766e-12 -0.000612728 -3.12159e-11 0.000694312 -3.12159e-11 -0.000612728 4.84766e-12 0.000421122 4.33574e-11 -0.00022541 -4.39568e-11 9.39649e-05 -2.12394e-12 -3.0506e-05 -9.41242e-12 7.71311e-06
1.58263e-05 -1.9313e-11 -6.25942e-05 -4.35804e-12 0.000192804 -9.01936e-11 -0.000462512 8.89635e-11 0.000864086 9.94675e-12 -0.00125724 -6.40509e-11 0.00142464 -6.40509e-11 -0.00125724 9.94675e-12 0.000864086 8.89635e-11 -0.000462512 -9.01936e-11 0.000192804 -4.35804e-12 -6.25942e-05 -1.9313e-11 1.58263e-05
3.0506e-05 -3.72268e-11 -0.000120653 -8.40035e-12 0.000371639 -1.73853e-10 -0.000891515 1.71482e-10 0.00166557 1.91729e-11 -0.00242339 -1.23461e-10 0.00274606 -1.23461e-10 -0.00242339 1.91729e-11 0.00166557 1.71482e-10 -0.000891515 -1.73853e-10 0.000371639 -8.40035e-12 -0.000120653 -3.72268e-11 3.0506e-05
5.52391e-05 -6.74091e-11 -0.000218475 -1.52111e-11 0.000672951 -3.14806e-10 -0.00161432 3.10513e-10 0.00301595 3.47176e-11 -0.00438819 -2.2356e-10 0.00497247 -2.2356e-10 -0.00438819 3.47176e-11 0.00301595 3.10513e-10 -0.00161432 -3.14806e-10 0.000672951 -1.52111e-11 -0.000218475 -6.74091e-11 5.52391e-05
9.39649e-05 -1.14667e-10 -0.000371639 -2.58749e-11 0.00114473 -5.35504e-10 -0.00274606 5.28201e-10 0.00513031 5.90566e-11 -0.00746456 -3.80288e-10 0.00845846 -3.80288e-10 -0.00746456 5.90566e-11 0.00513031 5.28201e-10 -0.00274606 -5.35504e-10 0.00114473 -2.58749e-11 -0.000371639 -1.14667e-10 9.39649e-05
0.000150156 -1.83237e-10 -0.000593877 -4.1348e-11 0.00182927 -8.55733e-10 -0.00438819 8.44062e-10 0.00819822 9.43722e-11 -0.0119283 -6.07699e-10 0.0135166 -6.07699e-10 -0.0119283 9.43722e-11 0.00819822 8.44062e-10 -0.00438819 -8.55733e-10 0.00182927 -4.1348e-11 -0.000593877 -1.83237e-10 0.000150156
0.00022541 -2.75071e-10 -0.000891515 -6.20707e-11 0.00274606 -1.28461e-09 -0.00658745 1.26709e-09 0.012307 1.41669e-10 -0.0179066 -9.12263e-10 0.0202908 -9.12263e-10 -0.0179066 1.41669e-10 0.012307 1.26709e-09 -0.00658745 -1.28461e-09 0.00274606 -6.20707e-11 -0.000891515 -2.75071e-10 0.00022541
0.000317879 -3.87913e-10 -0.00125724 -8.75337e-11 0.00387256 -1.81159e-09 -0.0092898 1.78688e-09 0.0173556 1.99786e-10 -0.0252523 -1.2865e-09 0.0286146 -1.2865e-09 -0.0252523 1.99786e-10 0.0173556 1.78688e-09 -0.0092898 -1.81159e-09 0.00387256 -8.75337e-11 -0.00125724 -3.87913e-10 0.000317879
0.000421122 -5.13901e-10 -0.00166557 -1.15963e-10 0.00513031 -2.39996e-09 -0.012307 2.36723e-09 0.0229925 2.64673e-10 -0.0334538 -1.70433e-09 0.0379082 -1.70433e-09 -0.0334538 2.64673e-10 0.0229925 2.36723e-09 -0.012307 -2.39996e-09 0.00513031 -1.15963e-10 -0.00166557 -5.13901e-10 0.000421122
0.000524094 -6.3956e-10 -0.00207283 -1.44319e-10 0.00638478 -2.9868e-09 -0.0153163 2.94607e-09 0.0286146 3.29391e-10 -0.041634 -2.12108e-09 0.0471775 -2.12108e-09 -0.041634 3.29391e-10 0.0286146 2.94607e-09 -0.0153163 -2.9868e-09 0.00638478 -1.44319e-10 -0.00207283 -6.3956e-10 0.000524094
0.000612728 -7.47721e-10 -0.00242339 -1.68726e-10 0.00746456 -3.49192e-09 -0.0179066 3.4443e-09 0.0334538 3.85097e-10 -0.048675 -2.47979e-09 0.0551561 -2.47979e-09 -0.048675 3.85097e-10 0.0334538 3.4443e-09 -0.0179066 -3.49192e-09 0.00746456 -1.68726e-10 -0.00242339 -7.47721e-10 0.000612728
0.000672951 -8.21211e-10 -0.00266157 -1.85309e-10 0.00819822 -3.83513e-09 -0.0196665 3.78282e-09 0.0367419 4.22947e-10 -0.0534591 -2.72352e-09 0.0605771 -2.72352e-09 -0.0534591 4.22947e-10 0.0367419 3.78282e-09 -0.0196665 -3.83513e-09 0.00819822 -1.85309e-10 -0.00266157 -8.21211e-10 0.000672951
0.000694312 -8.47279e-10 -0.00274606 -1.91191e-10 0.00845846 -3.95687e-09 -0.0202908 3.9029e-09 0.0379082 4.36372e-10 -0.0551561 -2.80997e-09 0.0625 -2.80997e-09 -0.0551561 4.36372e-10 0.0379082 3.9029e-09 -0.0202908 -3.95687e-09 0.00845846 -1.91191e-10 -0.00274606 -8.47279e-10 0.000694312
0.000672951 -8.21211e-10 -0.00266157 -1.85309e-10 0.00819822 -3.83513e-09 -0.0196665 3.78282e-09 0.0367419 4.22947e-10 -0.0534591 -2.72352e-09 0.0605771 -2.72352e-09 -0.0534591 4.22947e-10 0.0367419 3.78282e-09 -0.0196665 -3.83513e-09 0.00819822 -1.85309e-10 -0.00266157 -8.21211e-10 0.000672951
0.000612728 -7.47721e-10 -0.00242339 -1.68726e-10 0.00746456 -3.49192e-09 -0.0179066 3.4443e-09 0.0334538 3.85097e-10 -0.048675 -2.47979e-09 0.0551561 -2.47979e-09 -0.048675 3.85097e-10 0.0334538 3.4443e-09 -0.0179066 -3.49192e-09 0.00746456 -1.68726e-10 -0.00242339 -7.47721e-10 0.000612728
0.000524094 -6.3956e-10 -0.00207283 -1.44319e-10 0.00638478 -2.9868e-09 -0.0153163 2.94607e-09 0.0286146 3.29391e-10 -0.041634 -2.12108e-09 0.0471775 -2.12108e-09 -0.041634 3.29391e-10 0.0286146 2.94607e-09 -0.0153163 -2.9868e-09 0.00638478 -1.44319e-10 -0.00207283 -6.3956e-10 0.000524094
0.000421122 -5.13901e-10 -0.00166557 -1.15963e-10 0.00513031 -2.39996e-09 -0.012307 2.36723e-09 0.0229925 2.64673e-10 -0.0334538 -1.70433e-09 0.0379082 -1.70433e-09 -0.0334538 2.64673e-10 0.0229925 2.36723e-09 -0.012307 -2.39996e-09 0.00513031 -1.15963e-10 -0.00166557 -5.13901e-10 0.000421122
0.000317879 -3.87913e-10 -0.00125724 -8.75337e-11 0.00387256 -1.81159e-09 -0.0092898 1.78688e-09 0.0173556 1.99786e-10 -0.0252523 -1.2865e-09 0.0286146 -1.2865e-09 -0.0252523 1.99786e-10 0.0173556 1.78688e-09 -0.0092898 -1.81159e-09 0.00387256 -8.75337e-11 -0.00125724 -3.87913e-10 0.000317879
0.00022541 -2.75071e-10 -0.000891515 -6.20707e-11 0.00274606 -1.28461e-09 -0.00658745 1.26709e-09 0.012307 1.41669e-10 -0.0179066 -9.12263e-10 0.0202908 -9.12263e-10 -0.0179066 1.41669e-10 0.012307 1.26709e-09 -0.00658745 -1.28461e-09 0.00274606 -6.20707e-11 -0.000891515 -2.75071e-10 0.00022541
0.000150156 -1.83237e-10 -0.000593877 -4.1348e-11 0.00182927 -8.55733e-10 -0.00438819 8.44062e-10 0.00819822 9.43722e-11 -0.0119283 -6.07699e-10 0.0135166 -6.07699e-10 -0.0119283 9.43722e-11 0.00819822 8.44062e-10 -0.00438819 -8.55733e-10 0.00182927 -4.1348e-11 -0.000593877 -1.83237e-10 0.000150156
9.39649e-05 -1.14667e-10 -0.000371639 -2.58749e-11 0.00114473 -5.35504e-10 -0.00274606 5.28201e-10 0.00513031 5.90566e-11 -0.00746456 -3.80288e-10 0.00845846 -3.80288e-10 -0.00746456 5.90566e-11 0.00513031 5.28201e-10 -0.00274606 -5.35504e-10 0.00114473 -2.58749e-11 -0.000371639 -1.14667e-10 9.39649e-05
5.52391e-05 -6.74091e-11 -0.000218475 -1.52111e-11 0.000672951 -3.14806e-10 -0.00161432 3.10513e-10 0.00301595 3.47176e-11 -0.00438819 -2.2356e-10 0.00497247 -2.2356e-10 -0.00438819 3.47176e-11 0.00301595 3.10513e-10 -0.00161432 -3.14806e-10 0.000672951 -1.52111e-11 -0.000218475 -6.74091e-11 5.52391e-05
3.0506e-05 -3.72268e-11 -0.000120653 -8.40035e-12 0.000371639 -1.73853e-10 -0.000891515 1.71482e-10 0.00166557 1.91729e-11 -0.00242339 -1.23461e-10 0.00274606 -1.23461e-10 -0.00242339 1.91729e-11 0.00166557 1.71482e-10 -0.000891515 -1.73853e-10 0.000371639 -8.40035e-12 -0.000120653 -3.72268e-11 3.0506e-05
1.58263e-05 -1.9313e-11 -6.25942e-05 -4.35804e-12 0.000192804 -9.01936e-11 -0.000462512 8.89635e-11 0.000864086 9.94675e-12 -0.00125724 -6.40509e-11 0.00142464 -6.40509e-11 -0.00125724 9.94675e-12 0.000864086 8.89635e-11 -0.000462512 -9.01936e-11 0.000192804 -4.35804e-12 -6.25942e-05 -1.9313e-11 1.58263e-05
7.71311e-06 -9.41242e-12 -3.0506e-05 -2.12394e-12 9.39649e-05 -4.39568e-11 -0.00022541 4.33574e-11 0.000421122 4.84766e-12 -0.000612728 -3.12159e-11 0.000694312 -3.12159e-11 -0.000612728 4.84766e-12 0.000421122 4.33574e-11 -0.00022541 -4.39568e-11 9.39649e-05 -2.12394e-12 -3.0506e-05 -9.41242e-12 7.71311e-06

