-2.01181e-06 1.25917e-05 2.56639e-05 1.03431e-05 -4.19951e-05 -8.42288e-05 -3.76553e-05 0.000104855 0.000207794 9.93061e-05 -0.000195762 -0.000385376 -0.000192045 0.000272837 0.000537335 0.000274338 -0.000283246 -0.000563286 -0.00029086 0.00021836 0.000443953 0.000229614 -0.000124451 -0.000263061 -0.000135279 5.20787e-05 0.000117182 5.9582e-05 -1.58223e-05 -3.92379e-05 -1.96431e-05 3.41896e-06 9.87496e-06
-9.86136e-06 1.0959e-05 4.30468e-05 4.17249e-05 -3.31103e-05 -0.000137476 -0.000131928 7.28864e-05 0.000330043 0.000312144 -0.000114891 -0.000595542 -0.000553236 0.000125174 0.000807574 0.000735121 -8.59347e-05 -0.000822786 -0.000732795 2.38517e-05 0.000629663 0.000548285 1.77412e-05 -0.000361826 -0.000308042 -2.52739e-05 0.000156055 0.000129999 1.55689e-05 -5.04914e-05 -4.12202e-05 -6.10152e-06 1.2247e-05
-2.31298e-05 -7.40476e-07 5.7857e-05 9.31908e-05 1.23291e-05 -0.000178985 -0.000282009 -5.88317e-05 0.000415434 0.000641162 0.000170564 -0.000723004 -0.00109542 -0.000337908 0.000942745 0.00140665 0.000476965 -0.000920081 -0.00135779 -0.000489232 0.000671231 0.000985297 0.00036865 -0.000365411 -0.000537544 -0.000205433 0.000148093 0.000220488 8.50312e-05 -4.45341e-05 -6.79955e-05 -2.62204e-05 9.88888e-06
-4.06047e-05 -2.83466e-05 5.74782e-05 0.000158816 0.000113681 -0.00016748 -0.000467019 -0.000338296 0.000362454 0.00103252 0.000749481 -0.000580069 -0.00171624 -0.00123908 0.000681929 0.00214458 0.00153128 -0.000582473 -0.00201442 -0.00141644 0.000354376 0.00142215 0.000981649 -0.000147233 -0.000754487 -0.000510121 3.70833e-05 0.000300725 0.000198892 -2.60489e-06 -9.00278e-05 -5.82104e-05 -1.90502e-06
-5.72161e-05 -7.46628e-05 2.43941e-05 0.000217649 0.000278334 -4.7638e-05 -0.000622067 -0.00077838 3.98194e-05 0.00133549 0.00163382 6.7312e-05 -0.00215289 -0.00257508 -0.000288217 0.00260497 0.00304857 0.000504959 -0.00236459 -0.00271166 -0.000558383 0.00160916 0.00181261 0.000426998 -0.0008203 -0.000910697 -0.000233874 0.00031291 0.000343953 9.33446e-05 -8.91955e-05 -9.76599e-05 -2.74147e-05
-6.33704e-05 -0.000134856 -5.80144e-05 0.000231839 0.000485774 0.000230222 -0.000634878 -0.00131535 -0.00066339 0.0012997 0.00267753 0.00140369 -0.00198565 -0.00409769 -0.00219587 0.00225875 0.00471485 0.00255101 -0.0019069 -0.00407868 -0.00220756 0.00118911 0.00265265 0.00142613 -0.000543685 -0.00129694 -0.000688904 0.000180044 0.000476642 0.000249138 -4.22062e-05 -0.000131655 -6.75179e-05
-4.65167e-05 -0.000192652 -0.000195269 0.000153621 0.000675301 0.000677118 -0.000368887 -0.00177938 -0.00175733 0.000631828 0.00352395 0.00341696 -0.000741436 -0.00524453 -0.00498158 0.000533219 0.00586409 0.00544891 -0.000121235 -0.00492482 -0.00447385 -0.000192178 0.00310546 0.00275842 0.00025603 -0.00146965 -0.00127756 -0.000166851 0.000521703 0.000444593 7.06198e-05 -0.000138821 -0.000116275
4.34131e-06 -0.000220403 -0.000370378 -5.64809e-05 0.000748166 0.00123006 0.000281668 -0.0019053 -0.00306927 -0.00087903 0.00363778 0.00575531 0.00189182 -0.0052031 -0.00811148 -0.00291254 0.00556914 0.00859379 0.00326531 -0.00445477 -0.0068448 -0.00269273 0.00265819 0.00409875 0.00164348 -0.00118031 -0.00184531 -0.000745454 0.000388632 0.000624607 0.000251998 -9.43979e-05 -0.000158946
9.1956e-05 -0.000185646 -0.00053745 -0.000403833 0.000592734 0.0017347 0.00131677 -0.00140481 -0.00420953 -0.0031978 0.00246002 0.00767984 0.00579693 -0.00316011 -0.010533 -0.00785713 0.0029426 0.010859 0.0079724 -0.00194287 -0.00841396 -0.00606165 0.000866621 0.00489902 0.00345618 -0.000225552 -0.00214295 -0.00147865 7.92214e-06 0.000704018 0.000474901 1.93128e-05 -0.000173645
0.000204641 -6.42089e-05 -0.00062724 -0.000837015 0.000131708 0.00196745 0.00256847 -9.43398e-05 -0.0046353 -0.0059161 -0.00033162 0.00819982 0.0102328 0.0012999 -0.0108867 -0.0132951 -0.00240438 0.0108423 0.012979 0.00286972 -0.00809443 -0.00952203 -0.00238656 0.00452604 0.00525086 0.0014265 -0.00189339 -0.00217667 -0.000622501 0.000591736 0.000678349 0.000200118 -0.000137893
0.000314417 0.000144194 -0.000567833 -0.00124308 -0.00062402 0.00170539 0.0036944 0.00196521 -0.003828 -0.00825427 -0.00455046 0.0064105 0.0138652 0.00779636 -0.00798968 -0.0175106 -0.00992513 0.00738569 0.0166263 0.00941555 -0.00503821 -0.0118685 -0.00667 0.00251619 0.00636898 0.00353387 -0.000907741 -0.00256903 -0.00140194 0.000230589 0.000778805 0.000416832 -3.88874e-05
0.000382559 0.000405419 -0.000316 -0.00147183 -0.00154184 0.000827352 0.00425655 0.00438942 -0.00153838 -0.00925202 -0.00936339 0.00193986 0.0151118 0.0149778 -0.00144733 -0.0185437 -0.0179768 0.000205076 0.0170904 0.0161972 0.000876064 -0.0118257 -0.0109596 -0.00114104 0.00614073 0.00557074 0.000790778 -0.00239161 -0.00212767 -0.000362042 0.000698122 0.000610736 0.000116493
0.000372524 0.000653133 0.000113436 -0.00138755 -0.00238052 -0.000595912 0.00387695 0.00651914 0.00200603 -0.0081206 -0.0134167 -0.00469396 0.0127402 0.0207543 0.00788532 -0.0149548 -0.024134 -0.00966496 0.0131156 0.0210983 0.00872365 -0.00857781 -0.013867 -0.00583214 0.00417264 0.00685244 0.00289911 -0.00150412 -0.00254581 -0.00107443 0.000399564 0.000711061 0.000297456
0.000265987 0.000807005 0.000636326 -0.000930504 -0.00285895 -0.00227361 0.00241487 0.00761483 0.00605284 -0.00462629 -0.0152482 -0.0120319 0.00649202 0.0229537 0.0178863 -0.00658686 -0.0259726 -0.0199086 0.00471458 0.0220873 0.016607 -0.00225099 -0.0141141 -0.0103894 0.000596563 0.00677546 0.00487742 1.35831e-05 -0.0024427 -0.00171905 -8.42435e-05 0.00066112 0.000455036
7.46671e-05 0.000802041 0.00111679 -0.000159465 -0.00276093 -0.00376039 8.10111e-05 0.00713829 0.00950488 0.000681104 -0.0138567 -0.0180418 -0.00257773 0.0201865 0.0257261 0.00506225 -0.0220572 -0.0275634 -0.00653232 0.0180646 0.0221945 0.00591216 -0.0110791 -0.0134332 -0.00385789 0.00508262 0.00611195 0.00184108 -0.00174149 -0.00209066 -0.000647932 0.00044476 0.00053766
-0.000158828 0.000617021 0.00141142 0.000749904 -0.0020323 -0.00460404 -0.00258172 0.00500165 0.0112906 0.00654283 -0.00918056 -0.0208165 -0.0122785 0.0125355 0.0288554 0.0171301 -0.0126868 -0.0300723 -0.0178156 0.0094656 0.0235617 0.0138398 -0.00516198 -0.0138775 -0.00804254 0.00202753 0.00614377 0.00350009 -0.000557387 -0.00204412 -0.00114175 0.00010011 0.000511024
-0.000373429 0.000288168 0.00142334 0.00155761 -0.000822234 -0.0045179 -0.00486429 0.00165802 0.0107778 0.011384 -0.00224028 -0.0193202 -0.0199802 0.00171141 0.0260182 0.0263144 0 -0.0263144 -0.0260182 -0.00171141 0.0199802 0.0193202 0.00224028 -0.011384 -0.0107778 -0.00165802 0.00486429 0.0045179 0.000822234 -0.00155761 -0.00142334 -0.000288168 0.000373429
-0.000511024 -0.00010011 0.00114175 0.00204412 0.000557387 -0.00350009 -0.00614377 -0.00202753 0.00804254 0.0138775 0.00516198 -0.0138398 -0.0235617 -0.0094656 0.0178156 0.0300723 0.0126868 -0.0171301 -0.0288554 -0.0125355 0.0122785 0.0208165 0.00918056 -0.00654283 -0.0112906 -0.00500165 0.00258172 0.00460404 0.0020323 -0.000749904 -0.00141142 -0.000617021 0.000158828
-0.00053766 -0.00044476 0.000647932 0.00209066 0.00174149 -0.00184108 -0.00611195 -0.00508262 0.00385789 0.0134332 0.0110791 -0.00591216 -0.0221945 -0.0180646 0.00653232 0.0275634 0.0220572 -0.00506225 -0.0257261 -0.0201865 0.00257773 0.0180418 0.0138567 -0.000681104 -0.00950488 -0.00713829 -8.10111e-05 0.00376039 0.00276093 0.000159465 -0.00111679 -0.000802041 -7.46671e-05
-0.000455036 -0.00066112 8.42435e-05 0.00171905 0.0024427 -1.35831e-05 -0.00487742 -0.00677546 -0.000596563 0.0103894 0.0141141 0.00225099 -0.016607 -0.0220873 -0.00471458 0.0199086 0.0259726 0.00658686 -0.0178863 -0.0229537 -0.00649202 0.0120319 0.0152482 0.00462629 -0.00605284 -0.00761483 -0.00241487 0.00227361 0.00285895 0.000930504 -0.000636326 -0.000807005 -0.000265987
-0.000297456 -0.000711061 -0.000399564 0.00107443 0.00254581 0.00150412 -0.00289911 -0.00685244 -0.00417264 0.00583214 0.013867 0.00857781 -0.00872365 -0.0210983 -0.0131156 0.00966496 0.024134 0.0149548 -0.00788532 -0.0207543 -0.0127402 0.00469396 0.0134167 0.0081206 -0.00200603 -0.00651914 -0.00387695 0.000595912 0.00238052 0.00138755 -0.000113436 -0.000653133 -0.000372524
-0.000116493 -0.000610736 -0.000698122 0.000362042 0.00212767 0.00239161 -0.000790778 -0.00557074 -0.00614073 0.00114104 0.0109596 0.0118257 -0.000876064 -0.0161972 -0.0170904 -0.000205076 0.0179768 0.0185437 0.00144733 -0.0149778 -0.0151118 -0.00193986 0.00936339 0.00925202 0.00153838 -0.00438942 -0.00425655 -0.000827352 0.00154184 0.00147183 0.000316 -0.000405419 -0.000382559
3.88874e-05 -0.000416832 -0.000778805 -0.000230589 0.00140194 0.00256903 0.000907741 -0.00353387 -0.00636898 -0.00251619 0.00667 0.0118685 0.00503821 -0.00941555 -0.0166263 -0.00738569 0.00992513 0.0175106 0.00798968 -0.00779636 -0.0138652 -0.0064105 0.00455046 0.00825427 0.003828 -0.00196521 -0.0036944 -0.00170539 0.00062402 0.00124308 0.000567833 -0.000144194 -0.000314417
0.000137893 -0.000200118 -0.000678349 -0.000591736 0.000622501 0.00217667 0.00189339 -0.0014265 -0.00525086 -0.00452604 0.00238656 0.00952203 0.00809443 -0.00286972 -0.012979 -0.0108423 0.00240438 0.0132951 0.0108867 -0.0012999 -0.0102328 -0.00819982 0.00033162 0.0059161 0.0046353 9.43398e-05 -0.00256847 -0.00196745 -0.000131708 0.000837015 0.00062724 6.42089e-05 -0.000204641
0.000173645 -1.93128e-05 -0.000474901 -0.000704018 -7.92214e-06 0.00147865 0.00214295 0.000225552 -0.00345618 -0.00489902 -0.000866621 0.00606165 0.00841396 0.00194287 -0.0079724 -0.010859 -0.0029426 0.00785713 0.010533 0.00316011 -0.00579693 -0.00767984 -0.00246002 0.0031978 0.00420953 0.00140481 -0.00131677 -0.0017347 -0.000592734 0.000403833 0.00053745 0.000185646 -9.1956e-05
0.000158946 9.43979e-05 -0.000251998 -0.000624607 -0.000388632 0.000745454 0.00184531 0.00118031 -0.00164348 -0.00409875 -0.00265819 0.00269273 0.0068448 0.00445477 -0.00326531 -0.00859379 -0.00556914 0.00291254 0.00811148 0.0052031 -0.00189182 -0.00575531 -0.00363778 0.00087903 0.00306927 0.0019053 -0.000281668 -0.00123006 -0.000748166 5.64809e-05 0.000370378 0.000220403 -4.34131e-06
0.000116275 0.000138821 -7.06198e-05 -0.000444593 -0.000521703 0.000166851 0.00127756 0.00146965 -0.00025603 -0.00275842 -0.00310546 0.000192178 0.00447385 0.00492482 0.000121235 -0.00544891 -0.00586409 -0.000533219 0.00498158 0.00524453 0.000741436 -0.00341696 -0.00352395 -0.000631828 0.00175733 0.00177938 0.000368887 -0.000677118 -0.000675301 -0.000153621 0.000195269 0.000192652 4.65167e-05
6.75179e-05 0.000131655 4.22062e-05 -0.000249138 -0.000476642 -0.000180044 0.000688904 0.00129694 0.000543685 -0.00142613 -0.00265265 -0.00118911 0.00220756 0.00407868 0.0019069 -0.00255101 -0.00471485 -0.00225875 0.00219587 0.00409769 0.00198565 -0.00140369 -0.00267753 -0.0012997 0.00066339 0.00131535 0.000634878 -0.000230222 -0.000485774 -0.000231839 5.80144e-05 0.000134856 6.33704e-05
2.74147e-05 9.76599e-05 8.91955e-05 -9.33446e-05 -0.000343953 -0.00031291 0.000233874 0.000910697 0.0008203 -0.000426998 -0.00181261 -0.00160916 0.000558383 0.00271166 0.00236459 -0.000504959 -0.00304857 -0.00260497 0.000288217 0.00257508 0.00215289 -6.7312e-05 -0.00163382 -0.00133549 -3.98194e-05 0.00077838 0.000622067 4.7638e-05 -0.000278334 -0.000217649 -2.43941e-05 7.46628e-05 5.72161e-05
1.90502e-06 5.82104e-05 9.00278e-05 2.60489e-06 -0.000198892 -0.000300725 -3.70833e-05 0.000510121 0.000754487 0.000147233 -0.000981649 -0.00142215 -0.000354376 0.00141644 0.00201442 0.000582473 -0.00153128 -0.00214458 -0.000681929 0.00123908 0.00171624 0.000580069 -0.000749481 -0.00103252 -0.000362454 0.000338296 0.000467019 0.00016748 -0.000113681 -0.000158816 -5.74782e-05 2.83466e-05 4.06047e-05
-9.88888e-06 2.62204e-05 6.79955e-05 4.45341e-05 -8.50312e-05 -0.000220488 -0.000148093 0.000205433 0.000537544 0.000365411 -0.00036865 -0.000985297 -0.000671231 0.000489232 0.00135779 0.000920081 -0.000476965 -0.00140665 -0.000942745 0.000337908 0.00109542 0.000723004 -0.000170564 -0.000641162 -0.000415434 5.88317e-05 0.000282009 0.000178985 -1.23291e-05 -9.31908e-05 -5.7857e-05 7.40476e-07 2.31298e-05
-1.2247e-05 6.10152e-06 4.12202e-05 5.04914e-05 -1.55689e-05 -0.000129999 -0.000156055 2.52739e-05 0.000308042 0.000361826 -1.77412e-05 -0.000548285 -0.000629663 -2.38517e-05 0.000732795 0.000822786 8.59347e-05 -0.000735121 -0.000807574 -0.000125174 0.000553236 0.000595542 0.000114891 -0.000312144 -0.000330043 -7.28864e-05 0.000131928 0.000137476 3.31103e-05 -4.17249e-05 -4.30468e-05 -1.0959e-05 9.86136e-06
-9.87496e-06 -3.41896e-06 1.96431e-05 3.92379e-05 1.58223e-05 -5.9582e-05 -0.000117182 -5.20787e-05 0.000135279 0.000263061 0.000124451 -0.000229614 -0.000443953 -0.00021836 0.00029086 0.000563286 0.000283246 -0.000274338 -0.000537335 -0.000272837 0.000192045 0.000385376 0.000195762 -9.93061e-05 -0.000207794 -0.000104855 3.76553e-05 8.42288e-05 4.19951e-05 -1.03431e-05 -2.56639e-05 -1.25917e-05 2.01181e-06

