1.6077e-07 -3.61646e-06 -7.89094e-06 -9.29295e-06 -4.11439e-06 8.6082e-06 2.41507e-05 3.21177e-05 2.14047e-05 -1.11551e-05 -5.37617e-05 -8.10414e-05 -6.68978e-05 -3.64996e-06 8.51035e-05 0.000150252 0.000143479 5.06284e-05 -9.05219e-05 -0.000204494 -0.000220584 -0.000118589 5.31714e-05 0.000202532 0.000247496 0.000165421 5.51767e-06 -0.000142801 -0.000204019 -0.00015797 -4.43881e-05 6.78634e-05 0.000123478 0.000108034 4.68436e-05 -1.80483e-05 -5.44076e-05 -5.39001e-05 -2.91672e-05 -5.2328e-07 1.70858e-05 1.97554e-05 1.24025e-05 2.77267e-06 -3.62713e-06 -5.31683e-06 -3.77319e-06
-1.47144e-06 -6.76999e-06 -1.12469e-05 -1.01314e-05 4.54245e-07 1.92529e-05 3.70674e-05 3.902e-05 1.32656e-05 -3.7459e-05 -8.97534e-05 -0.00010702 -6.10494e-05 4.32954e-05 0.000158588 0.000213622 0.000155726 -7.95645e-06 -0.000200813 -0.000313038 -0.000267138 -7.18052e-05 0.000174386 0.000337044 0.00032597 0.00014974 -9.07649e-05 -0.000264914 -0.000289349 -0.000170676 9.17727e-06 0.000149354 0.000188523 0.000130416 2.7676e-05 -5.7881e-05 -9.02572e-05 -7.08028e-05 -2.61837e-05 1.3558e-05 3.15564e-05 2.79484e-05 1.33384e-05 -7.19405e-07 -7.92089e-06 -8.09639e-06 -4.54017e-06
-4.25297e-06 -1.09043e-05 -1.43706e-05 -8.60033e-06 9.39661e-06 3.43445e-05 5.10538e-05 4.04287e-05 -7.10866e-06 -7.79454e-05 -0.000132997 -0.000124898 -3.01459e-05 0.00012299 0.000254666 0.000272212 0.00013092 -0.000121955 -0.00035676 -0.000430082 -0.000275391 4.39035e-05 0.000360397 0.000498153 0.000379132 7.12843e-05 -0.000253593 -0.000424134 -0.000367702 -0.000142065 0.000112808 0.000264269 0.000258366 0.000133757 -1.91803e-05 -0.000118825 -0.000133059 -8.20663e-05 -1.19843e-05 3.72818e-05 5.03727e-05 3.54192e-05 1.0989e-05 -7.43713e-06 -1.39595e-05 -1.10683e-05 -4.63223e-06
-8.35587e-06 -1.56464e-05 -1.61388e-05 -3.10406e-06 2.38526e-05 5.32704e-05 6.29041e-05 3.11795e-05 -4.42775e-05 -0.000132917 -0.000176992 -0.000122398 3.83437e-05 0.000240207 0.000364494 0.000304588 4.43601e-05 -0.0003056 -0.000551774 -0.00052841 -0.000209797 0.000253945 0.000612287 0.000661274 0.000369401 -0.000101039 -0.000492402 -0.00060552 -0.000409913 -4.4873e-05 0.000279176 0.000407565 0.00031653 0.000100612 -0.000103822 -0.000201133 -0.000176185 -7.94903e-05 1.89325e-05 7.19774e-05 7.17345e-05 3.93375e-05 3.20822e-06 -1.81849e-05 -2.14681e-05 -1.35211e-05 -3.43881e-06
-1.37029e-05 -2.01649e-05 -1.49646e-05 8.0255e-06 4.42425e-05 7.38494e-05 6.75915e-05 5.24922e-06 -0.000101434 -0.000198742 -0.000210081 -8.37692e-05 0.000155661 0.000392554 0.000468556 0.00028057 -0.000129661 -0.00056391 -0.000763026 -0.00056551 -2.90468e-05 0.000575901 0.000913008 0.000782561 0.000248737 -0.000394949 -0.000801946 -0.000776399 -0.000375049 0.000149155 0.000512538 0.000562203 0.000337379 1.07757e-05 -0.000233149 -0.000299103 -0.000207873 -5.26241e-05 7.144e-05 0.000116828 9.17418e-05 3.57442e-05 -1.22182e-05 -3.32192e-05 -2.95399e-05 -1.43524e-05 -2.55134e-07
-1.98206e-05 -2.31014e-05 -8.94584e-06 2.6091e-05 6.96551e-05 9.19031e-05 5.84972e-05 -4.30696e-05 -0.000178545 -0.000266238 -0.000215351 7.96928e-06 0.000327604 0.000566307 0.000535104 0.000164095 -0.000411046 -0.000884962 -0.000947072 -0.000485587 0.000305806 0.00100908 0.00122005 0.000798621 -3.44612e-05 -0.000824416 -0.00115385 -0.000883861 -0.00021436 0.000461696 0.00080178 0.000695973 0.00028737 -0.0001547 -0.000406682 -0.000398699 -0.000211181 9.71322e-06 0.000147935 0.000167652 0.000104106 1.99397e-05 -3.69736e-05 -5.18017e-05 -3.6472e-05 -1.21242e-05 5.57612e-06
-2.57221e-05 -2.26194e-05 3.79978e-06 5.14318e-05 9.72628e-05 0.000101168 2.82654e-05 -0.000117365 -0.000270321 -0.000319746 -0.000172063 0.000167031 0.000549453 0.000733099 0.000521357 -8.03568e-05 -0.000804612 -0.00123253 -0.00103904 -0.000226857 0.000818886 0.00152316 0.00146128 0.000631978 -0.000523082 -0.00137703 -0.00148998 -0.000856838 0.000119955 0.000897587 0.00111381 0.00076096 0.000129497 -0.000407379 -0.00061203 -0.00047623 -0.000165468 0.000116749 0.000246099 0.000215952 0.000100409 -1.26627e-05 -7.14008e-05 -7.17776e-05 -3.97406e-05 -5.2559e-06 1.445e-05
-2.98734e-05 -1.66222e-05 2.46111e-05 8.27657e-05 0.000121963 9.37716e-05 -2.96307e-05 -0.000216882 -0.000364565 -0.00033758 -5.90442e-05 0.000399373 0.000801065 0.000849021 0.00037864 -0.00047779 -0.00128992 -0.00154166 -0.00095765 0.000265186 0.00150423 0.00204901 0.00153716 0.000203855 -0.00123452 -0.00200187 -0.0017207 -0.000614749 0.000661185 0.00143362 0.00138966 0.00069733 -0.000168696 -0.000743955 -0.00082125 -0.00049911 -4.98318e-05 0.0002721 0.000356752 0.000248683 7.11365e-05 -6.52227e-05 -0.00011362 -8.93286e-05 -3.62044e-05 7.63056e-06 2.62374e-05
-3.02985e-05 -3.16266e-06 5.36348e-05 0.000116642 0.000136478 6.14271e-05 -0.000118718 -0.000334353 -0.000441608 -0.000294443 0.00013998 0.000696621 0.00104377 0.000857706 6.19751e-05 -0.00103038 -0.00181289 -0.00172004 -0.000617686 0.00101944 0.00231094 0.00247569 0.00133195 -0.000545806 -0.00214222 -0.0026019 -0.00173136 -8.35136e-05 0.00141145 0.00200932 0.00154584 0.000442577 -0.000624083 -0.00113901 -0.000989724 -0.000429583 0.000151527 0.000469761 0.000462528 0.000249209 7.58889e-06 -0.000137864 -0.000158814 -9.90701e-05 -2.25946e-05 2.72371e-05 4.00336e-05
-2.48608e-05 1.89843e-05 8.9186e-05 0.000147227 0.00013212 -2.6604e-06 -0.000237111 -0.00045457 -0.000475567 -0.000166065 0.000429759 0.00103098 0.00122088 0.000698421 -0.000456565 -0.00170539 -0.00228258 -0.00165784 5.02828e-05 0.00201893 0.0031335 0.00265771 0.00073512 -0.00163357 -0.00316022 -0.00303544 -0.00139884 0.00078226 0.00232541 0.00252363 0.00148333 -5.3868e-05 -0.00122579 -0.00154036 -0.00105913 -0.000231751 0.000442706 0.000690783 0.000538177 0.000199738 -9.54918e-05 -0.000226112 -0.00019897 -9.46358e-05 3.7155e-06 5.30693e-05 5.39976e-05
-1.17185e-05 4.96814e-05 0.000127315 0.000166643 0.000100285 -0.000101417 -0.00037546 -0.000554454 -0.000437866 6.43012e-05 0.000796979 0.0013531 0.00126339 0.000319106 -0.00117301 -0.00242706 -0.00257665 -0.00124673 0.00107531 0.00318362 0.00381255 0.00243499 -0.000328844 -0.00300816 -0.00413689 -0.00313057 -0.000618223 0.00197467 0.00329944 0.00284104 0.00110487 -0.000812549 -0.001925 -0.0018695 -0.000965529 0.000118659 0.000809635 0.000901948 0.000553161 8.51901e-05 -0.000237015 -0.000319861 -0.000223386 -6.97991e-05 4.37599e-05 8.30026e-05 6.53728e-05
1.01057e-05 8.68808e-05 0.000161791 0.000165997 3.45638e-05 -0.000231534 -0.000516019 -0.000605267 -0.000302983 0.000398626 0.00120575 0.00159472 0.00110132 -0.000307365 -0.00203879 -0.00307648 -0.00255742 -0.000406663 0.00242179 0.00436282 0.00415027 0.0016653 -0.00186725 -0.00453383 -0.00486341 -0.00271366 0.000664151 0.00341162 0.00417173 0.00280958 0.000339189 -0.00180619 -0.00263045 -0.00202936 -0.000652388 0.000623473 0.0012157 0.00105768 0.000476753 -0.000101997 -0.000407091 -0.000403405 -0.000220099 -2.00353e-05 9.60497e-05 0.000113098 7.07609e-05
4.01559e-05 0.000126356 0.000184672 0.000137067 -6.68871e-05 -0.000381814 -0.000633523 -0.000577145 -5.56429e-05 0.000817853 0.0015972 0.0016774 0.000679808 -0.00116705 -0.00295473 -0.00350265 -0.00209823 0.000884191 0.00397257 0.00534294 0.00394186 0.000264624 -0.00379078 -0.00598921 -0.00510045 -0.00164951 0.00241801 0.00492715 0.00473751 0.00229007 -0.000832063 -0.00294738 -0.00321336 -0.00191977 -8.67697e-05 0.00125285 0.00160155 0.00110594 0.000285194 -0.000357155 -0.000585909 -0.000456943 -0.000178205 5.57488e-05 0.000155936 0.000137816 6.66694e-05
7.61367e-05 0.000161898 0.000187524 7.44358e-05 -0.000199301 -0.000532924 -0.000698316 -0.00044555 0.000302026 0.00127878 0.00189481 0.0015268 -2.29012e-05 -0.0021935 -0.00377575 -0.0035457 -0.00111643 0.00256374 0.00552672 0.00587403 0.00302005 -0.00175281 -0.00589954 -0.00708759 -0.00462228 0.000113943 0.00450618 0.00627952 0.00478072 0.00119266 -0.00235125 -0.00408722 -0.00352353 -0.00145942 0.000724701 0.00194084 0.00189057 0.000997823 -3.03754e-05 -0.000660094 -0.000744752 -0.000459656 -9.07389e-05 0.000153741 0.000215549 0.000150722 5.02795e-05
0.000113835 0.000186063 0.000163143 -2.23963e-05 -0.000350235 -0.0006591 -0.00068157 -0.000198492 0.000745355 0.00171595 0.00201586 0.0010907 -0.00097994 -0.00326571 -0.00432856 -0.00306984 0.000393881 0.00447279 0.00681756 0.00571413 0.00130466 -0.00424598 -0.00789222 -0.00752007 -0.00327165 0.00250711 0.00668082 0.00718104 0.00411885 -0.000487178 -0.00407316 -0.00502884 -0.00341612 -0.000610116 0.00172456 0.00258853 0.0020005 0.000699573 -0.000457128 -0.000974618 -0.000849555 -0.000394047 4.24967e-05 0.000264496 0.000264526 0.000145633 2.0295e-05
0.000147487 0.000191451 0.000107496 -0.000147472 -0.00050007 -0.000731936 -0.000561848 0.000157212 0.001226 0.00204954 0.00188774 0.000356886 -0.00210758 -0.00421881 -0.00444148 -0.00200012 0.00233835 0.0063618 0.007552 0.00468457 -0.00115458 -0.00694127 -0.00940267 -0.00701686 -0.00101416 0.00531876 0.0086057 0.0073477 0.00265259 -0.00264288 -0.00577143 -0.00555663 -0.00278496 0.000602341 0.00280237 0.00307615 0.00185986 0.000204342 -0.000957066 -0.00125182 -0.00086682 -0.000250739 0.000212923 0.000373372 0.000291555 0.00011805 -2.23325e-05
0.000170614 0.000172298 2.14071e-05 -0.000287992 -0.000624366 -0.000725791 -0.000331615 0.000592536 0.00167623 0.0021988 0.00146618 -0.000633951 -0.0032685 -0.00486815 -0.00398167 -0.000354219 0.00451669 0.00792104 0.0074667 0.0027247 -0.00415508 -0.0094569 -0.0100618 -0.00541524 0.00202262 0.00820474 0.00990545 0.00656117 0.00040866 -0.00505099 -0.00716616 -0.00547768 -0.00159531 0.00207714 0.00380471 0.00328338 0.00142602 -0.000459373 -0.00146868 -0.0014373 -0.000770954 -3.25845e-05 0.000402762 0.00046233 0.000286559 6.65576e-05 -7.40262e-05
0.000177222 0.00012607 -8.85147e-05 -0.000425443 -0.000697911 -0.000623817 -1.988e-06 0.0010573 0.00201869 0.00209879 0.000750994 -0.00178468 -0.00428851 -0.00504357 -0.00289195 0.00174017 0.00664067 0.00883211 0.00639014 -6.85158e-05 -0.00734924 -0.0113586 -0.00957436 -0.0027182 0.00553907 0.0107301 0.0102357 0.0047296 -0.00243706 -0.00739147 -0.00797058 -0.00466752 9.25601e-05 0.00364262 0.00455766 0.00311457 0.000700761 -0.00122568 -0.00191451 -0.00148133 -0.000551451 0.000243147 0.000586676 0.000512953 0.0002431 -6.17536e-06 -0.000128739
0.000163136 5.46184e-05 -0.00021009 -0.000538292 -0.000699763 -0.000423175 0.000395864 0.00148632 0.00218054 0.00171695 -0.000205157 -0.0029506 -0.00498513 -0.00462747 -0.00121758 0.00404992 0.0083762 0.00883184 0.00429625 -0.00342924 -0.0102875 -0.0122388 -0.00779484 0.000873342 0.00909135 0.0124408 0.00936009 0.00193167 -0.00556635 -0.00929471 -0.00794891 -0.00310938 0.00211701 0.00507758 0.00489866 0.00252331 -0.000261282 -0.00199747 -0.00221401 -0.00135008 -0.000218049 0.000545482 0.000735502 0.000510175 0.000160423 -9.31395e-05 -0.000178713
0.000127154 -3.54514e-05 -0.000327094 -0.000605834 -0.000618222 -0.000137979 0.000813649 0.00181011 0.00210892 0.00106514 -0.00129847 -0.00396075 -0.00520325 -0.00358745 0.000885604 0.00626583 0.00940328 0.00777506 0.00133433 -0.00694813 -0.012492 -0.0118039 -0.00478195 0.00496781 0.0121569 0.0129526 0.00721677 -0.00157051 -0.00855901 -0.010408 -0.00697272 -0.000915785 0.00423059 0.00614785 0.00471135 0.00153022 -0.00135477 -0.00266085 -0.00229933 -0.00103514 0.000197822 0.000833696 0.000821517 0.000445901 4.45731e-05 -0.00018367 -0.000215761
7.17038e-05 -0.000133421 -0.000421923 -0.000612441 -0.000454466 0.000201115 0.00119315 0.00196807 0.00178435 0.000203607 -0.00238748 -0.00464823 -0.00484983 -0.00199488 0.00316661 0.00805355 0.00948174 0.00568014 -0.00217597 -0.0101336 -0.0135482 -0.00994862 -0.000815941 0.00903405 0.0142274 0.0120376 0.00395508 -0.00535771 -0.0109622 -0.0104682 -0.00506172 0.00167559 0.00613727 0.006651 0.00395529 0.000228282 -0.00243748 -0.00310543 -0.0021306 -0.000558783 0.000646232 0.00106406 0.000824161 0.0003216 -9.18466e-05 -0.000265053 -0.000232838
2.78442e-06 -0.000226098 -0.000478883 -0.000551201 -0.000223787 0.000551044 0.0014765 0.00192144 0.00122831 -0.000765375 -0.0033165 -0.00488341 -0.00391924 -2.26662e-05 0.00531763 0.00911625 0.00850744 0.00274403 -0.00578792 -0.0124987 -0.013193 -0.00679829 0.00363113 0.0124895 0.0149101 0.00968625 -6.9532e-05 -0.00891793 -0.0123756 -0.00936345 -0.00239679 0.00433426 0.00754494 0.00645974 0.00268255 -0.00122716 -0.00335399 -0.00324639 -0.001707 2.68901e-05 0.00106644 0.00119805 0.000734887 0.000149114 -0.000231402 -0.000324792 -0.000225551
-7.08834e-05 -0.000300141 -0.00048739 -0.000426012 4.61299e-05 0.000863561 0.0016174 0.00166266 0.000502701 -0.00171354 -0.00394443 -0.0046022 -0.00250203 0.00207921 0.00702856 0.00925518 0.00654427 -0.000680125 -0.00900281 -0.0136559 -0.0113787 -0.00270479 0.00796975 0.0148084 0.0140139 0.00612894 -0.00434615 -0.011737 -0.012533 -0.00716828 0.000700914 0.00669261 0.00822214 0.005553 0.00103574 -0.00264288 -0.00396452 -0.00304306 -0.00107027 0.000647409 0.00139766 0.00121028 0.000559864 -5.07277e-05 -0.000354769 -0.000353029 -0.000193244
-0.000139346 -0.000344595 -0.000444299 -0.000251515 0.000319705 0.0010941 0.00159066 0.00121873 -0.000299434 -0.00250945 -0.00417254 -0.0038223 -0.000773578 0.00402654 0.00804584 0.00841361 0.00382236 -0.0041406 -0.0113617 -0.0133966 -0.008296 0.00180648 0.011598 0.015625 0.011598 0.00180648 -0.008296 -0.0133966 -0.0113617 -0.0041406 0.00382236 0.00841361 0.00804584 0.00402654 -0.000773578 -0.0038223 -0.00417254 -0.00250945 -0.000299434 0.00121873 0.00159066 0.0010941 0.000319705 -0.000251515 -0.000444299 -0.000344595 -0.000139346
-0.000193244 -0.000353029 -0.000354769 -5.07277e-05 0.000559864 0.00121028 0.00139766 0.000647409 -0.00107027 -0.00304306 -0.00396452 -0.00264288 0.00103574 0.005553 0.00822214 0.00669261 0.000700914 -0.00716828 -0.012533 -0.011737 -0.00434615 0.00612894 0.0140139 0.0148084 0.00796975 -0.00270479 -0.0113787 -0.0136559 -0.00900281 -0.000680125 0.00654427 0.00925518 0.00702856 0.00207921 -0.00250203 -0.0046022 -0.00394443 -0.00171354 0.000502701 0.00166266 0.0016174 0.000863561 4.61299e-05 -0.000426012 -0.00048739 -0.000300141 -7.08834e-05
-0.000225551 -0.000324792 -0.000231402 0.000149114 0.000734887 0.00119805 0.00106644 2.68901e-05 -0.001707 -0.00324639 -0.00335399 -0.00122716 0.00268255 0.00645974 0.00754494 0.00433426 -0.00239679 -0.00936345 -0.0123756 -0.00891793 -6.9532e-05 0.00968625 0.0149101 0.0124895 0.00363113 -0.00679829 -0.013193 -0.0124987 -0.00578792 0.00274403 0.00850744 0.00911625 0.00531763 -2.26662e-05 -0.00391924 -0.00488341 -0.0033165 -0.000765375 0.00122831 0.00192144 0.0014765 0.000551044 -0.000223787 -0.000551201 -0.000478883 -0.000226098 2.78442e-06
-0.000232838 -0.000265053 -9.18466e-05 0.0003216 0.000824161 0.00106406 0.000646232 -0.000558783 -0.0021306 -0.00310543 -0.00243748 0.000228282 0.00395529 0.006651 0.00613727 0.00167559 -0.00506172 -0.0104682 -0.0109622 -0.00535771 0.00395508 0.0120376 0.0142274 0.00903405 -0.000815941 -0.00994862 -0.0135482 -0.0101336 -0.00217597 0.00568014 0.00948174 0.00805355 0.00316661 -0.00199488 -0.00484983 -0.00464823 -0.00238748 0.000203607 0.00178435 0.00196807 0.00119315 0.000201115 -0.000454466 -0.000612441 -0.000421923 -0.000133421 7.17038e-05
-0.000215761 -0.00018367 4.45731e-05 0.000445901 0.000821517 0.000833696 0.000197822 -0.00103514 -0.00229933 -0.00266085 -0.00135477 0.00153022 0.00471135 0.00614785 0.00423059 -0.000915785 -0.00697272 -0.010408 -0.00855901 -0.00157051 0.00721677 0.0129526 0.0121569 0.00496781 -0.00478195 -0.0118039 -0.012492 -0.00694813 0.00133433 0.00777506 0.00940328 0.00626583 0.000885604 -0.00358745 -0.00520325 -0.00396075 -0.00129847 0.00106514 0.00210892 0.00181011 0.000813649 -0.000137979 -0.000618222 -0.000605834 -0.000327094 -3.54514e-05 0.000127154
-0.000178713 -9.31395e-05 0.000160423 0.000510175 0.000735502 0.000545482 -0.000218049 -0.00135008 -0.00221401 -0.00199747 -0.000261282 0.00252331 0.00489866 0.00507758 0.00211701 -0.00310938 -0.00794891 -0.00929471 -0.00556635 0.00193167 0.00936009 0.0124408 0.00909135 0.000873342 -0.00779484 -0.0122388 -0.0102875 -0.00342924 0.00429625 0.00883184 0.0083762 0.00404992 -0.00121758 -0.00462747 -0.00498513 -0.0029506 -0.000205157 0.00171695 0.00218054 0.00148632 0.000395864 -0.000423175 -0.000699763 -0.000538292 -0.00021009 5.46184e-05 0.000163136
-0.000128739 -6.17536e-06 0.0002431 0.000512953 0.000586676 0.000243147 -0.000551451 -0.00148133 -0.00191451 -0.00122568 0.000700761 0.00311457 0.00455766 0.00364262 9.25601e-05 -0.00466752 -0.00797058 -0.00739147 -0.00243706 0.0047296 0.0102357 0.0107301 0.00553907 -0.0027182 -0.00957436 -0.0113586 -0.00734924 -6.85158e-05 0.00639014 0.00883211 0.00664067 0.00174017 -0.00289195 -0.00504357 -0.00428851 -0.00178468 0.000750994 0.00209879 0.00201869 0.0010573 -1.988e-06 -0.000623817 -0.000697911 -0.000425443 -8.85147e-05 0.00012607 0.000177222
-7.40262e-05 6.65576e-05 0.000286559 0.00046233 0.000402762 -3.25845e-05 -0.000770954 -0.0014373 -0.00146868 -0.000459373 0.00142602 0.00328338 0.00380471 0.00207714 -0.00159531 -0.00547768 -0.00716616 -0.00505099 0.00040866 0.00656117 0.00990545 0.00820474 0.00202262 -0.00541524 -0.0100618 -0.0094569 -0.00415508 0.0027247 0.0074667 0.00792104 0.00451669 -0.000354219 -0.00398167 -0.00486815 -0.0032685 -0.000633951 0.00146618 0.0021988 0.00167623 0.000592536 -0.000331615 -0.000725791 -0.000624366 -0.000287992 2.14071e-05 0.000172298 0.000170614
-2.23325e-05 0.00011805 0.000291555 0.000373372 0.000212923 -0.000250739 -0.00086682 -0.00125182 -0.000957066 0.000204342 0.00185986 0.00307615 0.00280237 0.000602341 -0.00278496 -0.00555663 -0.00577143 -0.00264288 0.00265259 0.0073477 0.0086057 0.00531876 -0.00101416 -0.00701686 -0.00940267 -0.00694127 -0.00115458 0.00468457 0.007552 0.0063618 0.00233835 -0.00200012 -0.00444148 -0.00421881 -0.00210758 0.000356886 0.00188774 0.00204954 0.001226 0.000157212 -0.000561848 -0.000731936 -0.00050007 -0.000147472 0.000107496 0.000191451 0.000147487
2.0295e-05 0.000145633 0.000264526 0.000264496 4.24967e-05 -0.000394047 -0.000849555 -0.000974618 -0.000457128 0.000699573 0.0020005 0.00258853 0.00172456 -0.000610116 -0.00341612 -0.00502884 -0.00407316 -0.000487178 0.00411885 0.00718104 0.00668082 0.00250711 -0.00327165 -0.00752007 -0.00789222 -0.00424598 0.00130466 0.00571413 0.00681756 0.00447279 0.000393881 -0.00306984 -0.00432856 -0.00326571 -0.00097994 0.0010907 0.00201586 0.00171595 0.000745355 -0.000198492 -0.00068157 -0.0006591 -0.000350235 -2.23963e-05 0.000163143 0.000186063 0.000113835
5.02795e-05 0.000150722 0.000215549 0.000153741 -9.07389e-05 -0.000459656 -0.000744752 -0.000660094 -3.03754e-05 0.000997823 0.00189057 0.00194084 0.000724701 -0.00145942 -0.00352353 -0.00408722 -0.00235125 0.00119266 0.00478072 0.00627952 0.00450618 0.000113943 -0.00462228 -0.00708759 -0.00589954 -0.00175281 0.00302005 0.00587403 0.00552672 0.00256374 -0.00111643 -0.0035457 -0.00377575 -0.0021935 -2.29012e-05 0.0015268 0.00189481 0.00127878 0.000302026 -0.00044555 -0.000698316 -0.000532924 -0.000199301 7.44358e-05 0.000187524 0.000161898 7.61367e-05
6.66694e-05 0.000137816 0.000155936 5.57488e-05 -0.000178205 -0.000456943 -0.000585909 -0.000357155 0.000285194 0.00110594 0.00160155 0.00125285 -8.67697e-05 -0.00191977 -0.00321336 -0.00294738 -0.000832063 0.00229007 0.00473751 0.00492715 0.00241801 -0.00164951 -0.00510045 -0.00598921 -0.00379078 0.000264624 0.00394186 0.00534294 0.00397257 0.000884191 -0.00209823 -0.00350265 -0.00295473 -0.00116705 0.000679808 0.0016774 0.0015972 0.000817853 -5.56429e-05 -0.000577145 -0.000633523 -0.000381814 -6.68871e-05 0.000137067 0.000184672 0.000126356 4.01559e-05
7.07609e-05 0.000113098 9.60497e-05 -2.00353e-05 -0.000220099 -0.000403405 -0.000407091 -0.000101997 0.000476753 0.00105768 0.0012157 0.000623473 -0.000652388 -0.00202936 -0.00263045 -0.00180619 0.000339189 0.00280958 0.00417173 0.00341162 0.000664151 -0.00271366 -0.00486341 -0.00453383 -0.00186725 0.0016653 0.00415027 0.00436282 0.00242179 -0.000406663 -0.00255742 -0.00307648 -0.00203879 -0.000307365 0.00110132 0.00159472 0.00120575 0.000398626 -0.000302983 -0.000605267 -0.000516019 -0.000231534 3.45638e-05 0.000165997 0.000161791 8.68808e-05 1.01057e-05
6.53728e-05 8.30026e-05 4.37599e-05 -6.97991e-05 -0.000223386 -0.000319861 -0.000237015 8.51901e-05 0.000553161 0.000901948 0.000809635 0.000118659 -0.000965529 -0.0018695 -0.001925 -0.000812549 0.00110487 0.00284104 0.00329944 0.00197467 -0.000618223 -0.00313057 -0.00413689 -0.00300816 -0.000328844 0.00243499 0.00381255 0.00318362 0.00107531 -0.00124673 -0.00257665 -0.00242706 -0.00117301 0.000319106 0.00126339 0.0013531 0.000796979 6.43012e-05 -0.000437866 -0.000554454 -0.00037546 -0.000101417 0.000100285 0.000166643 0.000127315 4.96814e-05 -1.17185e-05
5.39976e-05 5.30693e-05 3.7155e-06 -9.46358e-05 -0.00019897 -0.000226112 -9.54918e-05 0.000199738 0.000538177 0.000690783 0.000442706 -0.000231751 -0.00105913 -0.00154036 -0.00122579 -5.3868e-05 0.00148333 0.00252363 0.00232541 0.00078226 -0.00139884 -0.00303544 -0.00316022 -0.00163357 0.00073512 0.00265771 0.0031335 0.00201893 5.02828e-05 -0.00165784 -0.00228258 -0.00170539 -0.000456565 0.000698421 0.00122088 0.00103098 0.000429759 -0.000166065 -0.000475567 -0.00045457 -0.000237111 -2.6604e-06 0.00013212 0.000147227 8.9186e-05 1.89843e-05 -2.48608e-05
4.00336e-05 2.72371e-05 -2.25946e-05 -9.90701e-05 -0.000158814 -0.000137864 7.58889e-06 0.000249209 0.000462528 0.000469761 0.000151527 -0.000429583 -0.000989724 -0.00113901 -0.000624083 0.000442577 0.00154584 0.00200932 0.00141145 -8.35136e-05 -0.00173136 -0.0026019 -0.00214222 -0.000545806 0.00133195 0.00247569 0.00231094 0.00101944 -0.000617686 -0.00172004 -0.00181289 -0.00103038 6.19751e-05 0.000857706 0.00104377 0.000696621 0.00013998 -0.000294443 -0.000441608 -0.000334353 -0.000118718 6.14271e-05 0.000136478 0.000116642 5.36348e-05 -3.16266e-06 -3.02985e-05
2.62374e-05 7.63056e-06 -3.62044e-05 -8.93286e-05 -0.00011362 -6.52227e-05 7.11365e-05 0.000248683 0.000356752 0.0002721 -4.98318e-05 -0.00049911 -0.00082125 -0.000743955 -0.000168696 0.00069733 0.00138966 0.00143362 0.000661185 -0.000614749 -0.0017207 -0.00200187 -0.00123452 0.000203855 0.00153716 0.00204901 0.00150423 0.000265186 -0.00095765 -0.00154166 -0.00128992 -0.00047779 0.00037864 0.000849021 0.000801065 0.000399373 -5.90442e-05 -0.00033758 -0.000364565 -0.000216882 -2.96307e-05 9.37716e-05 0.000121963 8.27657e-05 2.46111e-05 -1.66222e-05 -2.98734e-05
1.445e-05 -5.2559e-06 -3.97406e-05 -7.17776e-05 -7.14008e-05 -1.26627e-05 0.000100409 0.000215952 0.000246099 0.000116749 -0.000165468 -0.00047623 -0.00061203 -0.000407379 0.000129497 0.00076096 0.00111381 0.000897587 0.000119955 -0.000856838 -0.00148998 -0.00137703 -0.000523082 0.000631978 0.00146128 0.00152316 0.000818886 -0.000226857 -0.00103904 -0.00123253 -0.000804612 -8.03568e-05 0.000521357 0.000733099 0.000549453 0.000167031 -0.000172063 -0.000319746 -0.000270321 -0.000117365 2.82654e-05 0.000101168 9.72628e-05 5.14318e-05 3.79978e-06 -2.26194e-05 -2.57221e-05
5.57612e-06 -1.21242e-05 -3.6472e-05 -5.18017e-05 -3.69736e-05 1.99397e-05 0.000104106 0.000167652 0.000147935 9.71322e-06 -0.000211181 -0.000398699 -0.000406682 -0.0001547 0.00028737 0.000695973 0.00080178 0.000461696 -0.00021436 -0.000883861 -0.00115385 -0.000824416 -3.44612e-05 0.000798621 0.00122005 0.00100908 0.000305806 -0.000485587 -0.000947072 -0.000884962 -0.000411046 0.000164095 0.000535104 0.000566307 0.000327604 7.96928e-06 -0.000215351 -0.000266238 -0.000178545 -4.30696e-05 5.84972e-05 9.19031e-05 6.96551e-05 2.6091e-05 -8.94584e-06 -2.31014e-05 -1.98206e-05
-2.55134e-07 -1.43524e-05 -2.95399e-05 -3.32192e-05 -1.22182e-05 3.57442e-05 9.17418e-05 0.000116828 7.144e-05 -5.26241e-05 -0.000207873 -0.000299103 -0.000233149 1.07757e-05 0.000337379 0.000562203 0.000512538 0.000149155 -0.000375049 -0.000776399 -0.000801946 -0.000394949 0.000248737 0.000782561 0.000913008 0.000575901 -2.90468e-05 -0.00056551 -0.000763026 -0.00056391 -0.000129661 0.00028057 0.000468556 0.000392554 0.000155661 -8.37692e-05 -0.000210081 -0.000198742 -0.000101434 5.24922e-06 6.75915e-05 7.38494e-05 4.42425e-05 8.0255e-06 -1.49646e-05 -2.01649e-05 -1.37029e-05
-3.43881e-06 -1.35211e-05 -2.14681e-05 -1.81849e-05 3.20822e-06 3.93375e-05 7.17345e-05 7.19774e-05 1.89325e-05 -7.94903e-05 -0.000176185 -0.000201133 -0.000103822 0.000100612 0.00031653 0.000407565 0.000279176 -4.4873e-05 -0.000409913 -0.00060552 -0.000492402 -0.000101039 0.000369401 0.000661274 0.000612287 0.000253945 -0.000209797 -0.00052841 -0.000551774 -0.0003056 4.43601e-05 0.000304588 0.000364494 0.000240207 3.83437e-05 -0.000122398 -0.000176992 -0.000132917 -4.42775e-05 3.11795e-05 6.29041e-05 5.32704e-05 2.38526e-05 -3.10406e-06 -1.61388e-05 -1.56464e-05 -8.35587e-06
-4.63223e-06 -1.10683e-05 -1.39595e-05 -7.43713e-06 1.0989e-05 3.54192e-05 5.03727e-05 3.72818e-05 -1.19843e-05 -8.20663e-05 -0.000133059 -0.000118825 -1.91803e-05 0.000133757 0.000258366 0.000264269 0.000112808 -0.000142065 -0.000367702 -0.000424134 -0.000253593 7.12843e-05 0.000379132 0.000498153 0.000360397 4.39035e-05 -0.000275391 -0.000430082 -0.00035676 -0.000121955 0.00013092 0.000272212 0.000254666 0.00012299 -3.01459e-05 -0.000124898 -0.000132997 -7.79454e-05 -7.10866e-06 4.04287e-05 5.10538e-05 3.43445e-05 9.39661e-06 -8.60033e-06 -1.43706e-05 -1.09043e-05 -4.25297e-06
-4.54017e-06 -8.09639e-06 -7.92089e-06 -7.19405e-07 1.33384e-05 2.79484e-05 3.15564e-05 1.3558e-05 -2.61837e-05 -7.08028e-05 -9.02572e-05 -5.7881e-05 2.7676e-05 0.000130416 0.000188523 0.000149354 9.17727e-06 -0.000170676 -0.000289349 -0.000264914 -9.07649e-05 0.00014974 0.00032597 0.000337044 0.000174386 -7.18052e-05 -0.000267138 -0.000313038 -0.000200813 -7.95645e-06 0.000155726 0.000213622 0.000158588 4.32954e-05 -6.10494e-05 -0.00010702 -8.97534e-05 -3.7459e-05 1.32656e-05 3.902e-05 3.70674e-05 1.92529e-05 4.54245e-07 -1.01314e-05 -1.12469e-05 -6.76999e-06 -1.47144e-06
-3.77319e-06 -5.31683e-06 -3.62713e-06 2.77267e-06 1.24025e-05 1.97554e-05 1.70858e-05 -5.2328e-07 -2.91672e-05 -5.39001e-05 -5.44076e-05 -1.80483e-05 4.68436e-05 0.000108034 0.000123478 6.78634e-05 -4.43881e-05 -0.00015797 -0.000204019 -0.000142801 5.51767e-06 0.000165421 0.000247496 0.000202532 5.31714e-05 -0.000118589 -0.000220584 -0.000204494 -9.05219e-05 5.06284e-05 0.000143479 0.000150252 8.51035e-05 -3.64996e-06 -6.68978e-05 -8.10414e-05 -5.37617e-05 -1.11551e-05 2.14047e-05 3.21177e-05 2.41507e-05 8.6082e-06 -4.11439e-06 -9.29295e-06 -7.89094e-06 -3.61646e-06 1.6077e-07

