3.72902e-06 1.41454e-05 3.02241e-05 4.08977e-05 2.16517e-05 -5.41033e-05 -0.000185902 -0.000317879 -0.00034729 -0.000188796 0.00014124 0.000498277 0.000687905 0.00060145 0.000296186 -5.05477e-05 -0.000270557 -0.000306196 -0.000213309 -8.97353e-05 -3.70184e-06 2.94223e-05 2.80023e-05 1.5532e-05 5.4054e-06
1.46675e-05 1.7922e-05 -1.03139e-06 -6.56346e-05 -0.000180976 -0.000298594 -0.000305196 -7.77748e-05 0.000400237 0.000949803 0.00124921 0.00104341 0.000360087 -0.000467749 -0.00102024 -0.00107509 -0.000723652 -0.000248901 9.62273e-05 0.000223301 0.000190372 0.000102444 3.15103e-05 -2.38726e-06 -9.88608e-06
-8.0036e-06 -4.77045e-05 -0.000120013 -0.000191936 -0.000168857 7.66728e-05 0.000594911 0.00122147 0.00155761 0.00118347 1.58443e-05 -0.00149091 -0.00255513 -0.00259388 -0.0016406 -0.000294467 0.0007373 0.00109657 0.000887905 0.000457597 0.000102185 -6.92581e-05 -9.62611e-05 -6.2528e-05 -2.5925e-05
-5.46523e-05 -8.31621e-05 -4.82447e-05 0.000146172 0.000558724 0.00107532 0.00132224 0.000799128 -0.000724084 -0.00280388 -0.00435334 -0.00428591 -0.00236063 0.00051206 0.00285226 0.00362522 0.0028443 0.00134246 4.77034e-05 -0.000581719 -0.000620321 -0.000387484 -0.000151566 -1.86794e-05 2.33064e-05
2.4739e-06 0.000113191 0.000350087 0.000650525 0.000746859 0.00020022 -0.00129586 -0.0034381 -0.00509163 -0.00478323 -0.00181548 0.00285301 0.00691236 0.00819751 0.00621091 0.00237821 -0.00111677 -0.00283287 -0.00271558 -0.00164557 -0.000566492 5.60808e-05 0.000234996 0.000185019 8.93127e-05
0.000149503 0.00026921 0.000264608 -0.000149334 -0.00123404 -0.00284669 -0.00408825 -0.00348298 2.71661e-05 0.00579822 0.0111415 0.012738 0.00905209 0.00173324 -0.00538545 -0.00894771 -0.00815737 -0.00472918 -0.00116495 0.00095393 0.00147024 0.00107467 0.000501588 0.000121311 -2.93042e-05
4.76081e-05 -0.000175118 -0.000745049 -0.00161401 -0.00223358 -0.00149981 0.00164447 0.00700019 0.0122239 0.0135509 0.00834528 -0.00228207 -0.01334 -0.0190441 -0.0168279 -0.00890953 -0.00024247 0.00510202 0.00609713 0.00428916 0.00188549 0.000250347 -0.00038409 -0.000400392 -0.000224745
-0.000300481 -0.000628835 -0.000810837 -0.000226873 0.00186101 0.00552185 0.00920808 0.00972858 0.00405507 -0.00771578 -0.0207789 -0.0277341 -0.0236513 -0.0100764 0.00573944 0.0159448 0.0171876 0.0117282 0.00451749 -0.000576435 -0.00247815 -0.00219085 -0.00119108 -0.000391523 -1.35757e-05
-0.000183912 0.000128418 0.00113567 0.00294366 0.00476105 0.00454721 -0.000162022 -0.0100033 -0.0215556 -0.0277551 -0.0221583 -0.00450198 0.0174473 0.0323943 0.0332527 0.0216846 0.0058852 -0.00582509 -0.00996317 -0.00819538 -0.00430579 -0.00116014 0.000341127 0.000624288 0.000415588
0.000440806 0.0010749 0.00167403 0.00124804 -0.0016547 -0.00775391 -0.0152297 -0.0190098 -0.0130857 0.00448056 0.0276796 0.0443891 0.0441747 0.0262312 0.000410152 -0.0198503 -0.0265902 -0.021066 -0.0104062 -0.00148287 0.00280737 0.00326765 0.00206505 0.000830867 0.000145773
0.000390538 0.000112962 -0.00118547 -0.00393491 -0.00738881 -0.00877884 -0.00401207 0.00925259 0.0277135 0.0416331 0.0399604 0.0189312 -0.0130646 -0.0398171 -0.048268 -0.0370875 -0.0159794 0.00259979 0.0115939 0.0115106 0.00704791 0.00259939 7.96389e-05 -0.000676591 -0.000564019
-0.000463678 -0.0013506 -0.00246011 -0.00263353 0.00018868 0.007656 0.018504 0.0268334 0.0240638 0.00515546 -0.025071 -0.0520364 -0.0601446 -0.0441144 -0.0131737 0.0157706 0.0299556 0.0277305 0.0163996 0.00492003 -0.00175806 -0.00351466 -0.00263071 -0.00124413 -0.000334959
-0.000556669 -0.000460444 0.000737774 0.00381061 0.00841906 0.0118322 0.00910091 -0.00387971 -0.0254803 -0.0459075 -0.0514521 -0.0342603 0 0.0342603 0.0514521 0.0459075 0.0254803 0.00387971 -0.00910091 -0.0118322 -0.00841906 -0.00381061 -0.000737774 0.000460444 0.000556669
0.000334959 0.00124413 0.00263071 0.00351466 0.00175806 -0.00492003 -0.0163996 -0.0277305 -0.0299556 -0.0157706 0.0131737 0.0441144 0.0601446 0.0520364 0.025071 -0.00515546 -0.0240638 -0.0268334 -0.018504 -0.007656 -0.00018868 0.00263353 0.00246011 0.0013506 0.000463678
0.000564019 0.000676591 -7.96389e-05 -0.00259939 -0.00704791 -0.0115106 -0.0115939 -0.00259979 0.0159794 0.0370875 0.048268 0.0398171 0.0130646 -0.0189312 -0.0399604 -0.0416331 -0.0277135 -0.00925259 0.00401207 0.00877884 0.00738881 0.00393491 0.00118547 -0.000112962 -0.000390538
-0.000145773 -0.000830867 -0.00206505 -0.00326765 -0.00280737 0.00148287 0.0104062 0.021066 0.0265902 0.0198503 -0.000410152 -0.0262312 -0.0441747 -0.0443891 -0.0276796 -0.00448056 0.0130857 0.0190098 0.0152297 0.00775391 0.0016547 -0.00124804 -0.00167403 -0.0010749 -0.000440806
-0.000415588 -0.000624288 -0.000341127 0.00116014 0.00430579 0.00819538 0.00996317 0.00582509 -0.0058852 -0.0216846 -0.0332527 -0.0323943 -0.0174473 0.00450198 0.0221583 0.0277551 0.0215556 0.0100033 0.000162022 -0.00454721 -0.00476105 -0.00294366 -0.00113567 -0.000128418 0.000183912
1.35757e-05 0.000391523 0.00119108 0.00219085 0.00247815 0.000576435 -0.00451749 -0.0117282 -0.0171876 -0.0159448 -0.00573944 0.0100764 0.0236513 0.0277341 0.0207789 0.00771578 -0.00405507 -0.00972858 -0.00920808 -0.00552185 -0.00186101 0.000226873 0.000810837 0.000628835 0.000300481
0.000224745 0.000400392 0.00038409 -0.000250347 -0.00188549 -0.00428916 -0.00609713 -0.00510202 0.00024247 0.00890953 0.0168279 0.0190441 0.01334 0.00228207 -0.00834528 -0.0135509 -0.0122239 -0.00700019 -0.00164447 0.00149981 0.00223358 0.00161401 0.000745049 0.000175118 -4.76081e-05
2.93042e-05 -0.000121311 -0.000501588 -0.00107467 -0.00147024 -0.00095393 0.00116495 0.00472918 0.00815737 0.00894771 0.00538545 -0.00173324 -0.00905209 -0.012738 -0.0111415 -0.00579822 -2.71661e-05 0.00348298 0.00408825 0.00284669 0.00123404 0.000149334 -0.000264608 -0.00026921 -0.000149503
-8.93127e-05 -0.000185019 -0.000234996 -5.60808e-05 0.000566492 0.00164557 0.00271558 0.00283287 0.00111677 -0.00237821 -0.00621091 -0.00819751 -0.00691236 -0.00285301 0.00181548 0.00478323 0.00509163 0.0034381 0.00129586 -0.00020022 -0.000746859 -0.000650525 -0.000350087 -0.000113191 -2.4739e-06
-2.33064e-05 1.86794e-05 0.000151566 0.000387484 0.000620321 0.000581719 -4.77034e-05 -0.00134246 -0.0028443 -0.00362522 -0.00285226 -0.00051206 0.00236063 0.00428591 0.00435334 0.00280388 0.000724084 -0.000799128 -0.00132224 -0.00107532 -0.000558724 -0.000146172 4.82447e-05 8.31621e-05 5.46523e-05
2.5925e-05 6.2528e-05 9.62611e-05 6.92581e-05 -0.000102185 -0.000457597 -0.000887905 -0.00109657 -0.0007373 0.000294467 0.0016406 0.00259388 0.00255513 0.00149091 -1.58443e-05 -0.00118347 -0.00155761 -0.00122147 -0.000594911 -7.66728e-05 0.000168857 0.000191936 0.000120013 4.77045e-05 8.0036e-06
9.88608e-06 2.38726e-06 -3.15103e-05 -0.000102444 -0.000190372 -0.000223301 -9.62273e-05 0.000248901 0.000723652 0.00107509 0.00102024 0.000467749 -0.000360087 -0.00104341 -0.00124921 -0.000949803 -0.000400237 7.77748e-05 0.000305196 0.000298594 0.000180976 6.56346e-05 1.03139e-06 -1.7922e-05 -1.46675e-05
-5.4054e-06 -1.5532e-05 -2.80023e-05 -2.94223e-05 3.70184e-06 8.97353e-05 0.000213309 0.000306196 0.000270557 5.05477e-05 -0.000296186 -0.00060145 -0.000687905 -0.000498277 -0.00014124 0.000188796 0.00034729 0.000317879 0.000185902 5.41033e-05 -2.16517e-05 -4.08977e-05 -3.02241e-05 -1.41454e-05 -3.72902e-06

