6.75178e-06 -5.94429e-06 -2.94373e-05 8.03083e-06 9.39324e-05 1.39803e-05 -0.000220325 -0.000103722 0.00037884 0.000283488 -0.00047214 -0.000487715 0.000414957 0.000583665 -0.000239414 -0.000503414 6.80442e-05 0.000317589 1.73057e-05 -0.000147268 -2.92002e-05 5.00817e-05 1.60782e-05 -1.23587e-05 -5.50215e-06
7.09784e-06 -2.708e-05 -4.05254e-05 7.70116e-05 0.00015608 -0.000149836 -0.000428078 0.000173181 0.00085449 -3.18258e-05 -0.00125215 -0.000287221 0.00134818 0.00059896 -0.00105966 -0.000682704 0.000597418 0.000521665 -0.000231524 -0.000283211 5.4232e-05 0.000111794 -2.87762e-06 -3.23855e-05 -3.03789e-06
-4.13752e-06 -6.25857e-05 -1.24163e-05 0.000213082 0.000124718 -0.000531669 -0.000489592 0.000960827 0.00121835 -0.0012224 -0.00211364 0.00101578 0.00264509 -0.000404155 -0.00242208 -0.000179492 0.00163026 0.000402448 -0.000804533 -0.000317961 0.00028791 0.00015735 -7.27396e-05 -5.40844e-05 1.21031e-05
-3.71314e-05 -9.24058e-05 0.000104364 0.000367612 -0.000172279 -0.00106495 3.18771e-05 0.00226523 0.00065638 -0.00353985 -0.00194235 0.00403633 0.00319448 -0.00329767 -0.00353544 0.00184678 0.00278389 -0.0006188 -0.00159479 3.88529e-05 0.00067061 7.97586e-05 -0.000207207 -4.84969e-05 4.67514e-05
-9.14364e-05 -6.64889e-05 0.000331063 0.000375087 -0.000867527 -0.00135032 0.00159749 0.00339609 -0.00191116 -0.00616663 0.00106075 0.00819604 0.00081542 -0.00800749 -0.002459 0.00573446 0.00278932 -0.00297582 -0.00199644 0.0010884 0.00099473 -0.000260891 -0.000357314 3.05222e-05 9.3892e-05
-0.00014007 7.59372e-05 0.000588907 -1.06416e-05 -0.00181828 -0.000664262 0.00412393 0.00279369 -0.00682155 -0.00663136 0.00807571 0.0106308 -0.00653427 -0.0121417 0.00312904 0.0100945 -0.000215472 -0.00616143 -0.000927004 0.00276313 0.00079895 -0.000904449 -0.000378543 0.000212277 0.000120392
-0.000127476 0.000347523 0.000663987 -0.000926135 -0.00242107 0.0015945 0.00637889 -0.00122946 -0.0123059 -0.00162665 0.0174513 0.00666121 -0.0181353 -0.0108546 0.0136465 0.0112383 -0.00722475 -0.00811742 0.00249389 0.00423073 -0.000407988 -0.00161362 -8.01411e-05 0.000452391 7.28622e-05
1.4332e-08 0.000647592 0.000297743 -0.0021317 -0.0017822 0.00511512 0.00610718 -0.00877401 -0.0141828 0.010255 0.0234961 -0.00701122 -0.0283503 0.000455771 0.0251181 0.00477064 -0.0163489 -0.00583768 0.00776336 0.00399129 -0.00264038 -0.00183862 0.000614964 0.000602887 -8.53897e-05
0.000238187 0.000765803 -0.000589889 -0.00292774 0.000628847 0.00819817 0.00142754 -0.0168753 -0.00800049 0.0254472 0.0187383 -0.0277651 -0.0280674 0.021275 0.0293908 -0.0105715 -0.0222265 0.00240937 0.0123046 0.000817367 -0.00500729 -0.00100295 0.00149349 0.000472199 -0.000322711
0.000488908 0.000504281 -0.00170177 -0.00249527 0.0042292 0.00839516 -0.0071387 -0.0201743 0.00696069 0.0353284 -0.000274063 -0.0454344 -0.0108728 0.0429203 0.0189184 -0.0295659 -0.0186701 0.0145705 0.0124583 -0.00490271 -0.00592533 0.000972587 0.00205181 -2.47014e-05 -0.000521651
0.000596228 -0.000141806 -0.00242334 -0.000551917 0.00724042 0.00426057 -0.015843 -0.0143498 0.0250633 0.0311003 -0.0277925 -0.0472157 0.0198713 0.0518105 -0.00628202 -0.041632 -0.00366314 0.0245914 0.0061209 -0.0106434 -0.00414056 0.00333479 0.0017836 -0.000734678 -0.000536386
0.000452308 -0.000904393 -0.0022048 0.00220418 0.00768577 -0.0030615 -0.0195336 -9.06646e-05 0.036465 0.0109761 -0.0499948 -0.0271932 0.0499582 0.038745 -0.0356717 -0.0374538 0.017337 0.025839 -0.00490863 -0.0129855 0.00010756 0.0047922 0.000596457 -0.00129917 -0.000301862
9.41075e-05 -0.00137838 -0.00100606 0.0043764 0.00487491 -0.0100378 -0.0152892 0.0161062 0.0336544 -0.0165624 -0.0535864 0.00722594 0.0625 0.00722594 -0.0535864 -0.0165624 0.0336544 0.0161062 -0.0152892 -0.0100378 0.00487491 0.0043764 -0.00100606 -0.00137838 9.41075e-05
-0.000301862 -0.00129917 0.000596457 0.0047922 0.00010756 -0.0129855 -0.00490863 0.025839 0.017337 -0.0374538 -0.0356717 0.038745 0.0499582 -0.0271932 -0.0499948 0.0109761 0.036465 -9.06646e-05 -0.0195336 -0.0030615 0.00768577 0.00220418 -0.0022048 -0.000904393 0.000452308
-0.000536386 -0.000734678 0.0017836 0.00333479 -0.00414056 -0.0106434 0.0061209 0.0245914 -0.00366314 -0.041632 -0.00628202 0.0518105 0.0198713 -0.0472157 -0.0277925 0.0311003 0.0250633 -0.0143498 -0.015843 0.00426057 0.00724042 -0.000551917 -0.00242334 -0.000141806 0.000596228
-0.000521651 -2.47014e-05 0.00205181 0.000972587 -0.00592533 -0.00490271 0.0124583 0.0145705 -0.0186701 -0.0295659 0.0189184 0.0429203 -0.0108728 -0.0454344 -0.000274063 0.0353284 0.00696069 -0.0201743 -0.0071387 0.00839516 0.0042292 -0.00249527 -0.00170177 0.000504281 0.000488908
-0.000322711 0.000472199 0.00149349 -0.00100295 -0.00500729 0.000817367 0.0123046 0.00240937 -0.0222265 -0.0105715 0.0293908 0.021275 -0.0280674 -0.0277651 0.0187383 0.0254472 -0.00800049 -0.0168753 0.00142754 0.00819817 0.000628847 -0.00292774 -0.000589889 0.000765803 0.000238187
-8.53897e-05 0.000602887 0.000614964 -0.00183862 -0.00264038 0.00399129 0.00776336 -0.00583768 -0.0163489 0.00477064 0.0251181 0.000455771 -0.0283503 -0.00701122 0.0234961 0.010255 -0.0141828 -0.00877401 0.00610718 0.00511512 -0.0017822 -0.0021317 0.000297743 0.000647592 1.4332e-08
7.28622e-05 0.000452391 -8.01411e-05 -0.00161362 -0.000407988 0.00423073 0.00249389 -0.00811742 -0.00722475 0.0112383 0.0136465 -0.0108546 -0.0181353 0.00666121 0.0174513 -0.00162665 -0.0123059 -0.00122946 0.00637889 0.0015945 -0.00242107 -0.000926135 0.000663987 0.000347523 -0.000127476
0.000120392 0.000212277 -0.000378543 -0.000904449 0.00079895 0.00276313 -0.000927004 -0.00616143 -0.000215472 0.0100945 0.00312904 -0.0121417 -0.00653427 0.0106308 0.00807571 -0.00663136 -0.00682155 0.00279369 0.00412393 -0.000664262 -0.00181828 -1.06416e-05 0.000588907 7.59372e-05 -0.00014007
9.3892e-05 3.05222e-05 -0.000357314 -0.000260891 0.00099473 0.0010884 -0.00199644 -0.00297582 0.00278932 0.00573446 -0.002459 -0.00800749 0.00081542 0.00819604 0.00106075 -0.00616663 -0.00191116 0.00339609 0.00159749 -0.00135032 -0.000867527 0.000375087 0.000331063 -6.64889e-05 -9.14364e-05
4.67514e-05 -4.84969e-05 -0.000207207 7.97586e-05 0.00067061 3.88529e-05 -0.00159479 -0.0006188 0.00278389 0.00184678 -0.00353544 -0.00329767 0.00319448 0.00403633 -0.00194235 -0.00353985 0.00065638 0.00226523 3.18771e-05 -0.00106495 -0.000172279 0.000367612 0.000104364 -9.24058e-05 -3.71314e-05
1.21031e-05 -5.40844e-05 -7.27396e-05 0.00015735 0.00028791 -0.000317961 -0.000804533 0.000402448 0.00163026 -0.000179492 -0.00242208 -0.000404155 0.00264509 0.00101578 -0.00211364 -0.0012224 0.00121835 0.000960827 -0.000489592 -0.000531669 0.000124718 0.000213082 -1.24163e-05 -6.25857e-05 -4.13752e-06
-3.03789e-06 -3.23855e-05 -2.87762e-06 0.000111794 5.4232e-05 -0.000283211 -0.000231524 0.000521665 0.000597418 -0.000682704 -0.00105966 0.00059896 0.00134818 -0.000287221 -0.00125215 -3.18258e-05 0.00085449 0.000173181 -0.000428078 -0.000149836 0.00015608 7.70116e-05 -4.05254e-05 -2.708e-05 7.09784e-06
-5.50215e-06 -1.23587e-05 1.60782e-05 5.00817e-05 -2.92002e-05 -0.000147268 1.73057e-05 0.000317589 6.80442e-05 -0.000503414 -0.000239414 0.000583665 0.000414957 -0.000487715 -0.00047214 0.000283488 0.00037884 -0.000103722 -0.000220325 1.39803e-05 9.39324e-05 8.03083e-06 -2.94373e-05 -5.94429e-06 6.75178e-06

