9.23596e-06 1.38691e-05 -4.20871e-06 -3.89693e-05 -4.16599e-05 2.95047e-05 0.000119227 8.73517e-05 -0.000108078 -0.000265345 -0.000121311 0.000258145 0.000429667 9.41935e-05 -0.000427833 -0.000504898 0 0.000504898 0.000427833 -9.41935e-05 -0.000429667 -0.000258145 0.000121311 0.000265345 0.000108078 -8.73517e-05 -0.000119227 -2.95047e-05 4.16599e-05 3.89693e-05 4.20871e-06 -1.38691e-05 -9.23596e-06
1.49915e-05 2.25118e-05 -6.83141e-06 -6.32534e-05 -6.76206e-05 4.78909e-05 0.000193525 0.000141786 -0.000175429 -0.000430697 -0.000196906 0.000419011 0.000697418 0.000152891 -0.000694442 -0.00081953 0 0.00081953 0.000694442 -0.000152891 -0.000697418 -0.000419011 0.000196906 0.000430697 0.000175429 -0.000141786 -0.000193525 -4.78909e-05 6.76206e-05 6.32534e-05 6.83141e-06 -2.25118e-05 -1.49915e-05
2.35849e-05 3.54161e-05 -1.07473e-05 -9.95116e-05 -0.000106382 7.53429e-05 0.000304457 0.00022306 -0.000275988 -0.000677582 -0.000309777 0.000659196 0.00109719 0.000240532 -0.00109251 -0.0012893 0 0.0012893 0.00109251 -0.000240532 -0.00109719 -0.000659196 0.000309777 0.000677582 0.000275988 -0.00022306 -0.000304457 -7.53429e-05 0.000106382 9.95116e-05 1.07473e-05 -3.54161e-05 -2.35849e-05
3.59626e-05 5.40031e-05 -1.63877e-05 -0.000151737 -0.000162213 0.000114884 0.000464242 0.000340127 -0.000420831 -0.00103319 -0.000472354 0.00100515 0.00167302 0.000366767 -0.00166588 -0.00196595 0 0.00196595 0.00166588 -0.000366767 -0.00167302 -0.00100515 0.000472354 0.00103319 0.000420831 -0.000340127 -0.000464242 -0.000114884 0.000162213 0.000151737 1.63877e-05 -5.40031e-05 -3.59626e-05
5.31493e-05 7.98114e-05 -2.42194e-05 -0.000224253 -0.000239736 0.000169788 0.000686105 0.000502674 -0.000621948 -0.00152696 -0.000698094 0.00148552 0.00247256 0.000542046 -0.00246201 -0.00290549 0 0.00290549 0.00246201 -0.000542046 -0.00247256 -0.00148552 0.000698094 0.00152696 0.000621948 -0.000502674 -0.000686105 -0.000169788 0.000239736 0.000224253 2.42194e-05 -7.98114e-05 -5.31493e-05
7.61329e-05 0.000114325 -3.46927e-05 -0.000321227 -0.000343406 0.00024321 0.0009828 0.000720048 -0.0008909 -0.00218726 -0.000999974 0.00212791 0.00354178 0.000776445 -0.00352667 -0.00416192 0 0.00416192 0.00352667 -0.000776445 -0.00354178 -0.00212791 0.000999974 0.00218726 0.0008909 -0.000720048 -0.0009828 -0.00024321 0.000343406 0.000321227 3.46927e-05 -0.000114325 -7.61329e-05
0.0001057 0.000158724 -4.81661e-05 -0.00044598 -0.000476772 0.000337664 0.00136448 0.000999687 -0.00123689 -0.00303671 -0.00138833 0.00295431 0.00491727 0.00107799 -0.00489629 -0.00577825 0 0.00577825 0.00489629 -0.00107799 -0.00491727 -0.00295431 0.00138833 0.00303671 0.00123689 -0.000999687 -0.00136448 -0.000337664 0.000476772 0.00044598 4.81661e-05 -0.000158724 -0.0001057
0.000142235 0.000213586 -6.48146e-05 -0.000600132 -0.000641567 0.000454376 0.00183611 0.00134523 -0.00166442 -0.00408634 -0.0018682 0.00397546 0.00661692 0.00145059 -0.00658868 -0.00777548 0 0.00777548 0.00658868 -0.00145059 -0.00661692 -0.00397546 0.0018682 0.00408634 0.00166442 -0.00134523 -0.00183611 -0.000454376 0.000641567 0.000600132 6.48146e-05 -0.000213586 -0.000142235
0.000185509 0.000278569 -8.45341e-05 -0.000782719 -0.00083676 0.000592618 0.00239474 0.00175451 -0.00217081 -0.0053296 -0.00243659 0.00518498 0.00863008 0.00189193 -0.00859326 -0.0101411 0 0.0101411 0.00859326 -0.00189193 -0.00863008 -0.00518498 0.00243659 0.0053296 0.00217081 -0.00175451 -0.00239474 -0.000592618 0.00083676 0.000782719 8.45341e-05 -0.000278569 -0.000185509
0.000234506 0.000352144 -0.000106861 -0.00098945 -0.00105776 0.00074914 0.00302724 0.0022179 -0.00274416 -0.00673724 -0.00308014 0.00655443 0.0109094 0.00239162 -0.0108629 -0.0128196 0 0.0128196 0.0108629 -0.00239162 -0.0109094 -0.00655443 0.00308014 0.00673724 0.00274416 -0.0022179 -0.00302724 -0.00074914 0.00105776 0.00098945 0.000106861 -0.000352144 -0.000234506
0.000287322 0.000431456 -0.000130929 -0.0012123 -0.001296 0.000917865 0.00370905 0.00271743 -0.00336222 -0.00825464 -0.00377386 0.00803065 0.0133665 0.00293027 -0.0133095 -0.0157069 0 0.0157069 0.0133095 -0.00293027 -0.0133665 -0.00803065 0.00377386 0.00825464 0.00336222 -0.00271743 -0.00370905 -0.000917865 0.001296 0.0012123 0.000130929 -0.000431456 -0.000287322
0.000341204 0.000512367 -0.000155482 -0.00143964 -0.00153904 0.00108999 0.0044046 0.00322703 -0.00399274 -0.00980263 -0.00448157 0.00953664 0.0158732 0.00347979 -0.0158054 -0.0186524 0 0.0186524 0.0158054 -0.00347979 -0.0158732 -0.00953664 0.00448157 0.00980263 0.00399274 -0.00322703 -0.0044046 -0.00108999 0.00153904 0.00143964 0.000155482 -0.000512367 -0.000341204
0.000392723 0.000589731 -0.000178959 -0.00165702 -0.00177142 0.00125457 0.00506967 0.00371429 -0.00459561 -0.0112828 -0.00515826 0.0109766 0.0182699 0.00400521 -0.0181919 -0.0214688 0 0.0214688 0.0181919 -0.00400521 -0.0182699 -0.0109766 0.00515826 0.0112828 0.00459561 -0.00371429 -0.00506967 -0.00125457 0.00177142 0.00165702 0.000178959 -0.000589731 -0.000392723
0.000438114 0.000657892 -0.000199643 -0.00184854 -0.00197616 0.00139958 0.00565562 0.00414359 -0.00512677 -0.0125868 -0.00575445 0.0122453 0.0203815 0.00446813 -0.0202946 -0.0239502 0 0.0239502 0.0202946 -0.00446813 -0.0203815 -0.0122453 0.00575445 0.0125868 0.00512677 -0.00414359 -0.00565562 -0.00139958 0.00197616 0.00184854 0.000199643 -0.000657892 -0.000438114
0.000473715 0.000711351 -0.000215866 -0.00199874 -0.00213674 0.0015133 0.00611519 0.00448029 -0.00554336 -0.0136096 -0.00622205 0.0132403 0.0220377 0.00483121 -0.0219436 -0.0258963 0 0.0258963 0.0219436 -0.00483121 -0.0220377 -0.0132403 0.00622205 0.0136096 0.00554336 -0.00448029 -0.00611519 -0.0015133 0.00213674 0.00199874 0.000215866 -0.000711351 -0.000473715
0.000496449 0.00074549 -0.000226225 -0.00209467 -0.00223929 0.00158593 0.00640866 0.0046953 -0.0058094 -0.0142627 -0.00652065 0.0138757 0.0230953 0.00506306 -0.0229967 -0.0271391 0 0.0271391 0.0229967 -0.00506306 -0.0230953 -0.0138757 0.00652065 0.0142627 0.0058094 -0.0046953 -0.00640866 -0.00158593 0.00223929 0.00209467 0.000226225 -0.00074549 -0.000496449
0.000504267 0.00075723 -0.000229788 -0.00212765 -0.00227455 0.0016109 0.00650958 0.00476924 -0.00590088 -0.0144873 -0.00662333 0.0140942 0.023459 0.00514279 -0.0233589 -0.0275665 0 0.0275665 0.0233589 -0.00514279 -0.023459 -0.0140942 0.00662333 0.0144873 0.00590088 -0.00476924 -0.00650958 -0.0016109 0.00227455 0.00212765 0.000229788 -0.00075723 -0.000504267
0.000496449 0.00074549 -0.000226225 -0.00209467 -0.00223929 0.00158593 0.00640866 0.0046953 -0.0058094 -0.0142627 -0.00652065 0.0138757 0.0230953 0.00506306 -0.0229967 -0.0271391 0 0.0271391 0.0229967 -0.00506306 -0.0230953 -0.0138757 0.00652065 0.0142627 0.0058094 -0.0046953 -0.00640866 -0.00158593 0.00223929 0.00209467 0.000226225 -0.00074549 -0.000496449
0.000473715 0.000711351 -0.000215866 -0.00199874 -0.00213674 0.0015133 0.00611519 0.00448029 -0.00554336 -0.0136096 -0.00622205 0.0132403 0.0220377 0.00483121 -0.0219436 -0.0258963 0 0.0258963 0.0219436 -0.00483121 -0.0220377 -0.0132403 0.00622205 0.0136096 0.00554336 -0.00448029 -0.00611519 -0.0015133 0.00213674 0.00199874 0.000215866 -0.000711351 -0.000473715
0.000438114 0.000657892 -0.000199643 -0.00184854 -0.00197616 0.00139958 0.00565562 0.00414359 -0.00512677 -0.0125868 -0.00575445 0.0122453 0.0203815 0.00446813 -0.0202946 -0.0239502 0 0.0239502 0.0202946 -0.00446813 -0.0203815 -0.0122453 0.00575445 0.0125868 0.00512677 -0.00414359 -0.00565562 -0.00139958 0.00197616 0.00184854 0.000199643 -0.000657892 -0.000438114
0.000392723 0.000589731 -0.000178959 -0.00165702 -0.00177142 0.00125457 0.00506967 0.00371429 -0.00459561 -0.0112828 -0.00515826 0.0109766 0.0182699 0.00400521 -0.0181919 -0.0214688 0 0.0214688 0.0181919 -0.00400521 -0.0182699 -0.0109766 0.00515826 0.0112828 0.00459561 -0.00371429 -0.00506967 -0.00125457 0.00177142 0.00165702 0.000178959 -0.000589731 -0.000392723
0.000341204 0.000512367 -0.000155482 -0.00143964 -0.00153904 0.00108999 0.0044046 0.00322703 -0.00399274 -0.00980263 -0.00448157 0.00953664 0.0158732 0.00347979 -0.0158054 -0.0186524 0 0.0186524 0.0158054 -0.00347979 -0.0158732 -0.00953664 0.00448157 0.00980263 0.00399274 -0.00322703 -0.0044046 -0.00108999 0.00153904 0.00143964 0.000155482 -0.000512367 -0.000341204
0.000287322 0.000431456 -0.000130929 -0.0012123 -0.001296 0.000917865 0.00370905 0.00271743 -0.00336222 -0.00825464 -0.00377386 0.00803065 0.0133665 0.00293027 -0.0133095 -0.0157069 0 0.0157069 0.0133095 -0.00293027 -0.0133665 -0.00803065 0.00377386 0.00825464 0.00336222 -0.00271743 -0.00370905 -0.000917865 0.001296 0.0012123 0.000130929 -0.000431456 -0.000287322
0.000234506 0.000352144 -0.000106861 -0.00098945 -0.00105776 0.00074914 0.00302724 0.0022179 -0.00274416 -0.00673724 -0.00308014 0.00655443 0.0109094 0.00239162 -0.0108629 -0.0128196 0 0.0128196 0.0108629 -0.00239162 -0.0109094 -0.00655443 0.00308014 0.00673724 0.00274416 -0.0022179 -0.00302724 -0.00074914 0.00105776 0.00098945 0.000106861 -0.000352144 -0.000234506
0.000185509 0.000278569 -8.45341e-05 -0.000782719 -0.00083676 0.000592618 0.00239474 0.00175451 -0.00217081 -0.0053296 -0.00243659 0.00518498 0.00863008 0.00189193 -0.00859326 -0.0101411 0 0.0101411 0.00859326 -0.00189193 -0.00863008 -0.00518498 0.00243659 0.0053296 0.00217081 -0.00175451 -0.00239474 -0.000592618 0.00083676 0.000782719 8.45341e-05 -0.000278569 -0.000185509
0.000142235 0.000213586 -6.48146e-05 -0.000600132 -0.000641567 0.000454376 0.00183611 0.00134523 -0.00166442 -0.00408634 -0.0018682 0.00397546 0.00661692 0.00145059 -0.00658868 -0.00777548 0 0.00777548 0.00658868 -0.00145059 -0.00661692 -0.00397546 0.0018682 0.00408634 0.00166442 -0.00134523 -0.00183611 -0.000454376 0.000641567 0.000600132 6.48146e-05 -0.000213586 -0.000142235
0.0001057 0.000158724 -4.81661e-05 -0.00044598 -0.000476772 0.000337664 0.00136448 0.000999687 -0.00123689 -0.00303671 -0.00138833 0.00295431 0.00491727 0.00107799 -0.00489629 -0.00577825 0 0.00577825 0.00489629 -0.00107799 -0.00491727 -0.00295431 0.00138833 0.00303671 0.00123689 -0.000999687 -0.00136448 -0.000337664 0.000476772 0.00044598 4.81661e-05 -0.000158724 -0.0001057
7.61329e-05 0.000114325 -3.46927e-05 -0.000321227 -0.000343406 0.00024321 0.0009828 0.000720048 -0.0008909 -0.00218726 -0.000999974 0.00212791 0.00354178 0.000776445 -0.00352667 -0.00416192 0 0.00416192 0.00352667 -0.000776445 -0.00354178 -0.00212791 0.000999974 0.00218726 0.0008909 -0.000720048 -0.0009828 -0.00024321 0.000343406 0.000321227 3.46927e-05 -0.000114325 -7.61329e-05
5.31493e-05 7.98114e-05 -2.42194e-05 -0.000224253 -0.000239736 0.000169788 0.000686105 0.000502674 -0.000621948 -0.00152696 -0.000698094 0.00148552 0.00247256 0.000542046 -0.00246201 -0.00290549 0 0.00290549 0.00246201 -0.000542046 -0.00247256 -0.00148552 0.000698094 0.00152696 0.000621948 -0.000502674 -0.000686105 -0.000169788 0.000239736 0.000224253 2.42194e-05 -7.98114e-05 -5.31493e-05
3.59626e-05 5.40031e-05 -1.63877e-05 -0.000151737 -0.000162213 0.000114884 0.000464242 0.000340127 -0.000420831 -0.00103319 -0.000472354 0.00100515 0.00167302 0.000366767 -0.00166588 -0.00196595 0 0.00196595 0.00166588 -0.000366767 -0.00167302 -0.00100515 0.000472354 0.00103319 0.000420831 -0.000340127 -0.000464242 -0.000114884 0.000162213 0.000151737 1.63877e-05 -5.40031e-05 -3.59626e-05
2.35849e-05 3.54161e-05 -1.07473e-05 -9.95116e-05 -0.000106382 7.53429e-05 0.000304457 0.00022306 -0.000275988 -0.000677582 -0.000309777 0.000659196 0.00109719 0.000240532 -0.00109251 -0.0012893 0 0.0012893 0.00109251 -0.000240532 -0.00109719 -0.000659196 0.000309777 0.000677582 0.000275988 -0.00022306 -0.000304457 -7.53429e-05 0.000106382 9.95116e-05 1.07473e-05 -3.54161e-05 -2.35849e-05
1.49915e-05 2.25118e-05 -6.83141e-06 -6.32534e-05 -6.76206e-05 4.78909e-05 0.000193525 0.000141786 -0.000175429 -0.000430697 -0.000196906 0.000419011 0.000697418 0.000152891 -0.000694442 -0.00081953 0 0.00081953 0.000694442 -0.000152891 -0.000697418 -0.000419011 0.000196906 0.000430697 0.000175429 -0.000141786 -0.000193525 -4.78909e-05 6.76206e-05 6.32534e-05 6.83141e-06 -2.25118e-05 -1.49915e-05
9.23596e-06 1.38691e-05 -4.20871e-06 -3.89693e-05 -4.16599e-05 2.95047e-05 0.000119227 8.73517e-05 -0.000108078 -0.000265345 -0.000121311 0.000258145 0.000429667 9.41935e-05 -0.000427833 -0.000504898 0 0.000504898 0.000427833 -9.41935e-05 -0.000429667 -0.000258145 0.000121311 0.000265345 0.000108078 -8.73517e-05 -0.000119227 -2.95047e-05 4.16599e-05 3.89693e-05 4.20871e-06 -1.38691e-05 -9.23596e-06

