2.84178e-06 5.71198e-06 5.65154e-06 -3.06238e-12 -1.05585e-05 -1.99368e-05 -1.85307e-05 -1.18593e-11 3.0552e-05 5.41937e-05 4.73198e-05 1.94028e-12 -6.88499e-05 -0.000114728 -9.41067e-05 -2.65748e-11 0.000120835 0.000189155 0.000145755 1.9333e-11 -0.000165162 -0.000242879 -0.000175814 0 0.000175814 0.000242879 0.000165162 -1.9333e-11 -0.000145755 -0.000189155 -0.000120835 2.65748e-11 9.41067e-05 0.000114728 6.88499e-05 -1.94028e-12 -4.73198e-05 -5.41937e-05 -3.0552e-05 1.18593e-11 1.85307e-05 1.99368e-05 1.05585e-05 3.06238e-12 -5.65154e-06 -5.71198e-06 -2.84178e-06
4.03898e-06 8.11835e-06 8.03246e-06 -4.35251e-12 -1.50066e-05 -2.83358e-05 -2.63374e-05 -1.68554e-11 4.34231e-05 7.70248e-05 6.7255e-05 2.7577e-12 -9.78555e-05 -0.000163062 -0.000133753 -3.77704e-11 0.000171742 0.000268843 0.00020716 2.74778e-11 -0.000234743 -0.000345201 -0.000249883 0 0.000249883 0.000345201 0.000234743 -2.74778e-11 -0.00020716 -0.000268843 -0.000171742 3.77704e-11 0.000133753 0.000163062 9.78555e-05 -2.7577e-12 -6.7255e-05 -7.70248e-05 -4.34231e-05 1.68554e-11 2.63374e-05 2.83358e-05 1.50066e-05 4.35251e-12 -8.03246e-06 -8.11835e-06 -4.03898e-06
5.65155e-06 1.13596e-05 1.12394e-05 -6.09026e-12 -2.0998e-05 -3.9649e-05 -3.68527e-05 -2.3585e-11 6.07598e-05 0.000107777 9.41067e-05 3.85871e-12 -0.000136924 -0.000228164 -0.000187153 -5.28503e-11 0.00024031 0.000376179 0.000289869 3.84483e-11 -0.000328465 -0.000483023 -0.000349649 0 0.000349649 0.000483023 0.000328465 -3.84483e-11 -0.000289869 -0.000376179 -0.00024031 5.28503e-11 0.000187153 0.000228164 0.000136924 -3.85871e-12 -9.41067e-05 -0.000107777 -6.07598e-05 2.3585e-11 3.68527e-05 3.9649e-05 2.0998e-05 6.09026e-12 -1.12394e-05 -1.13596e-05 -5.65155e-06
7.78533e-06 1.56485e-05 1.5483e-05 -8.38969e-12 -2.8926e-05 -5.46188e-05 -5.07667e-05 -3.24897e-11 8.37002e-05 0.000148469 0.000129637 5.3156e-12 -0.000188621 -0.000314309 -0.000257815 -7.28043e-11 0.000331041 0.000518208 0.000399311 5.29648e-11 -0.000452479 -0.000665393 -0.000481661 0 0.000481661 0.000665393 0.000452479 -5.29648e-11 -0.000399311 -0.000518208 -0.000331041 7.28043e-11 0.000257815 0.000314309 0.000188621 -5.3156e-12 -0.000129637 -0.000148469 -8.37002e-05 3.24897e-11 5.07667e-05 5.46188e-05 2.8926e-05 8.38969e-12 -1.5483e-05 -1.56485e-05 -7.78533e-06
1.05585e-05 2.12226e-05 2.0998e-05 -1.13781e-11 -3.92295e-05 -7.4074e-05 -6.88499e-05 -4.40625e-11 0.000113514 0.000201354 0.000175814 7.20903e-12 -0.000255809 -0.000426267 -0.000349649 -9.87373e-11 0.000448958 0.000702795 0.000541546 7.1831e-11 -0.000613653 -0.000902406 -0.00065323 0 0.00065323 0.000902406 0.000613653 -7.1831e-11 -0.000541546 -0.000702795 -0.000448958 9.87373e-11 0.000349649 0.000426267 0.000255809 -7.20903e-12 -0.000175814 -0.000201354 -0.000113514 4.40625e-11 6.88499e-05 7.4074e-05 3.92295e-05 1.13781e-11 -2.0998e-05 -2.12226e-05 -1.05585e-05
1.40974e-05 2.83358e-05 2.8036e-05 -1.51918e-11 -5.23782e-05 -9.89018e-05 -9.19267e-05 -5.88312e-11 0.000151561 0.000268843 0.000234743 9.62531e-12 -0.000341549 -0.000569141 -0.000466842 -1.31832e-10 0.000599437 0.000938354 0.000723059 9.59069e-11 -0.000819334 -0.00120487 -0.000872176 0 0.000872176 0.00120487 0.000819334 -9.59069e-11 -0.000723059 -0.000938354 -0.000599437 1.31832e-10 0.000466842 0.000569141 0.000341549 -9.62531e-12 -0.000234743 -0.000268843 -0.000151561 5.88312e-11 9.19267e-05 9.89018e-05 5.23782e-05 1.51918e-11 -2.8036e-05 -2.83358e-05 -1.40974e-05
1.85307e-05 3.72468e-05 3.68527e-05 -1.99692e-11 -6.88499e-05 -0.000130004 -0.000120835 -7.73322e-11 0.000199224 0.000353387 0.000308564 1.26522e-11 -0.000448958 -0.000748121 -0.000613653 -1.73289e-10 0.000787946 0.00123344 0.000950444 1.26067e-10 -0.00107699 -0.00158377 -0.00114645 0 0.00114645 0.00158377 0.00107699 -1.26067e-10 -0.000950444 -0.00123344 -0.000787946 1.73289e-10 0.000613653 0.000748121 0.000448958 -1.26522e-11 -0.000308564 -0.000353387 -0.000199224 7.73322e-11 0.000120835 0.000130004 6.88499e-05 1.99692e-11 -3.68527e-05 -3.72468e-05 -1.85307e-05
2.39805e-05 4.82009e-05 4.76909e-05 -2.58421e-11 -8.90984e-05 -0.000168238 -0.000156373 -1.00075e-10 0.000257815 0.000457317 0.000399311 1.63732e-11 -0.000580995 -0.000968141 -0.000794125 -2.24253e-10 0.00101968 0.00159619 0.00122997 1.63143e-10 -0.00139373 -0.00204955 -0.00148362 0 0.00148362 0.00204955 0.00139373 -1.63143e-10 -0.00122997 -0.00159619 -0.00101968 2.24253e-10 0.000794125 0.000968141 0.000580995 -1.63732e-11 -0.000399311 -0.000457317 -0.000257815 1.00075e-10 0.000156373 0.000168238 8.90984e-05 2.58421e-11 -4.76909e-05 -4.82009e-05 -2.39805e-05
3.0552e-05 6.14095e-05 6.07598e-05 -3.29236e-11 -0.000113514 -0.00021434 -0.000199224 -1.27499e-10 0.000328465 0.000582637 0.000508736 2.086e-11 -0.000740207 -0.00123344 -0.00101174 -2.85706e-10 0.0012991 0.0020336 0.00156702 2.0785e-10 -0.00177566 -0.0026112 -0.00189018 0 0.00189018 0.0026112 0.00177566 -2.0785e-10 -0.00156702 -0.0020336 -0.0012991 2.85706e-10 0.00101174 0.00123344 0.000740207 -2.086e-11 -0.000508736 -0.000582637 -0.000328465 1.27499e-10 0.000199224 0.00021434 0.000113514 3.29236e-11 -6.07598e-05 -6.14095e-05 -3.0552e-05
3.83208e-05 7.70248e-05 7.62098e-05 -4.12955e-11 -0.000142379 -0.000268843 -0.000249883 -1.5992e-10 0.000411987 0.000730791 0.000638098 2.61643e-11 -0.000928427 -0.00154708 -0.00126901 -3.58355e-10 0.00162944 0.00255071 0.00196548 2.60702e-10 -0.00222718 -0.00327518 -0.00237082 0 0.00237082 0.00327518 0.00222718 -2.60702e-10 -0.00196548 -0.00255071 -0.00162944 3.58355e-10 0.00126901 0.00154708 0.000928427 -2.61643e-11 -0.000638098 -0.000730791 -0.000411987 1.5992e-10 0.000249883 0.000268843 0.000142379 4.12955e-11 -7.62098e-05 -7.70248e-05 -3.83208e-05
4.73198e-05 9.51129e-05 9.41066e-05 -5.09931e-11 -0.000175814 -0.000331977 -0.000308564 -1.97475e-10 0.000508736 0.000902406 0.000787946 3.23086e-11 -0.00114645 -0.00191039 -0.00156702 -4.4251e-10 0.00201209 0.00314971 0.00242704 3.21924e-10 -0.0027502 -0.00404431 -0.00292757 0 0.00292757 0.00404431 0.0027502 -3.21924e-10 -0.00242704 -0.00314971 -0.00201209 4.4251e-10 0.00156702 0.00191039 0.00114645 -3.23086e-11 -0.000787946 -0.000902406 -0.000508736 1.97475e-10 0.000308564 0.000331977 0.000175814 5.09931e-11 -9.41066e-05 -9.51129e-05 -4.73198e-05
5.75263e-05 0.000115628 0.000114405 -6.19919e-11 -0.000213736 -0.000403581 -0.000375118 -2.40068e-10 0.000618465 0.00109705 0.000957898 3.92773e-11 -0.00139373 -0.00232245 -0.00190501 -5.37955e-10 0.00244608 0.00382907 0.00295053 3.9136e-10 -0.00334339 -0.00491662 -0.00355902 0 0.00355902 0.00491662 0.00334339 -3.9136e-10 -0.00295053 -0.00382907 -0.00244608 5.37955e-10 0.00190501 0.00232245 0.00139373 -3.92773e-11 -0.000957898 -0.00109705 -0.000618465 2.40068e-10 0.000375118 0.000403581 0.000213736 6.19919e-11 -0.000114405 -0.000115628 -5.75263e-05
6.88499e-05 0.000138389 0.000136924 -7.41946e-11 -0.000255808 -0.000483023 -0.000448958 -2.87324e-10 0.000740206 0.00131299 0.00114645 4.70088e-11 -0.00166808 -0.00277961 -0.00228 -6.43848e-10 0.00292757 0.0045828 0.00353133 4.68397e-10 -0.00400152 -0.00588443 -0.00425959 0 0.00425959 0.00588443 0.00400152 -4.68397e-10 -0.00353133 -0.0045828 -0.00292757 6.43848e-10 0.00228 0.00277961 0.00166808 -4.70088e-11 -0.00114645 -0.00131299 -0.000740206 2.87324e-10 0.000448958 0.000483023 0.000255808 7.41946e-11 -0.000136924 -0.000138389 -6.88499e-05
8.1125e-05 0.000163062 0.000161336 -8.74226e-11 -0.000301416 -0.000569141 -0.000529001 -3.3855e-10 0.000872176 0.00154708 0.00135085 5.53899e-11 -0.00196548 -0.00327518 -0.00268649 -7.58638e-10 0.00344952 0.00539986 0.00416092 5.51906e-10 -0.00471494 -0.00693355 -0.00501903 0 0.00501903 0.00693355 0.00471494 -5.51906e-10 -0.00416092 -0.00539986 -0.00344952 7.58638e-10 0.00268649 0.00327518 0.00196548 -5.53899e-11 -0.00135085 -0.00154708 -0.000872176 3.3855e-10 0.000529001 0.000569141 0.000301416 8.74226e-11 -0.000161336 -0.000163062 -8.1125e-05
9.41067e-05 0.000189155 0.000187153 -1.01412e-10 -0.000349649 -0.000660215 -0.000613652 -3.92725e-10 0.00101174 0.00179465 0.00156702 6.42534e-11 -0.00228 -0.00379927 -0.00311638 -8.80036e-10 0.00400152 0.00626394 0.00482675 6.40222e-10 -0.00546943 -0.00804306 -0.00582217 0 0.00582217 0.00804306 0.00546943 -6.40222e-10 -0.00482675 -0.00626394 -0.00400152 8.80036e-10 0.00311638 0.00379927 0.00228 -6.42534e-11 -0.00156702 -0.00179465 -0.00101174 3.92725e-10 0.000613652 0.000660215 0.000349649 1.01412e-10 -0.000187153 -0.000189155 -9.41067e-05
0.000107473 0.000216021 0.000213736 -1.15816e-10 -0.000399311 -0.000753989 -0.000700813 -4.48506e-10 0.00115545 0.00204955 0.00178959 7.33796e-11 -0.00260384 -0.00433891 -0.00355902 -1.00503e-09 0.00456988 0.00715365 0.00551232 7.31157e-10 -0.00624628 -0.00918546 -0.00664913 0 0.00664913 0.00918546 0.00624628 -7.31157e-10 -0.00551232 -0.00715365 -0.00456988 1.00503e-09 0.00355902 0.00433891 0.00260384 -7.33796e-11 -0.00178959 -0.00204955 -0.00115545 4.48506e-10 0.000700813 0.000753989 0.000399311 1.15816e-10 -0.000213736 -0.000216021 -0.000107473
0.000120835 0.000242879 0.00024031 -1.30216e-10 -0.000448958 -0.000847732 -0.000787945 -5.04269e-10 0.0012991 0.00230438 0.00201209 8.25029e-11 -0.00292757 -0.00487836 -0.00400152 -1.12999e-09 0.00513805 0.00804306 0.00619767 8.22062e-10 -0.00702288 -0.0103275 -0.00747582 0 0.00747582 0.0103275 0.00702288 -8.22062e-10 -0.00619767 -0.00804306 -0.00513805 1.12999e-09 0.00400152 0.00487836 0.00292757 -8.25029e-11 -0.00201209 -0.00230438 -0.0012991 5.04269e-10 0.000787945 0.000847732 0.000448958 1.30216e-10 -0.00024031 -0.000242879 -0.000120835
0.000133753 0.000268843 0.000265998 -1.44135e-10 -0.000496951 -0.000938354 -0.000872176 -5.58175e-10 0.00143798 0.00255071 0.00222718 9.13224e-11 -0.00324053 -0.00539986 -0.00442928 -1.25078e-09 0.0056873 0.00890286 0.0068602 9.09939e-10 -0.00777362 -0.0114315 -0.00827498 0 0.00827498 0.0114315 0.00777362 -9.09939e-10 -0.0068602 -0.00890286 -0.0056873 1.25078e-09 0.00442928 0.00539986 0.00324053 -9.13224e-11 -0.00222718 -0.00255071 -0.00143798 5.58175e-10 0.000872176 0.000938354 0.000496951 1.44135e-10 -0.000265998 -0.000268843 -0.000133753
0.000145755 0.000292968 0.000289869 -1.5707e-10 -0.000541546 -0.00102256 -0.000950443 -6.08265e-10 0.00156702 0.00277961 0.00242704 9.95175e-11 -0.00353133 -0.00588443 -0.00482675 -1.36303e-09 0.00619767 0.00970178 0.00747582 9.91596e-10 -0.00847121 -0.0124573 -0.00901756 0 0.00901756 0.0124573 0.00847121 -9.91596e-10 -0.00747582 -0.00970178 -0.00619767 1.36303e-09 0.00482675 0.00588443 0.00353133 -9.95175e-11 -0.00242704 -0.00277961 -0.00156702 6.08265e-10 0.000950443 0.00102256 0.000541546 1.5707e-10 -0.000289869 -0.000292968 -0.000145755
0.000156373 0.000314309 0.000310984 -1.68511e-10 -0.000580994 -0.00109705 -0.00101968 -6.52573e-10 0.00168116 0.00298208 0.00260384 1.06767e-10 -0.00378856 -0.00631307 -0.00517835 -1.46231e-09 0.00664913 0.0104085 0.00802038 1.06383e-09 -0.00908828 -0.0133648 -0.00967443 0 0.00967443 0.0133648 0.00908828 -1.06383e-09 -0.00802038 -0.0104085 -0.00664913 1.46231e-09 0.00517835 0.00631307 0.00378856 -1.06767e-10 -0.00260384 -0.00298208 -0.00168116 6.52573e-10 0.00101968 0.00109705 0.000580994 1.68511e-10 -0.000310984 -0.000314309 -0.000156373
0.000165162 0.000331977 0.000328464 -1.77984e-10 -0.000613652 -0.00115871 -0.00107699 -6.89254e-10 0.00177566 0.00314971 0.0027502 1.12768e-10 -0.00400152 -0.00666793 -0.00546943 -1.54451e-09 0.00702288 0.0109936 0.00847121 1.12363e-09 -0.00959914 -0.014116 -0.0102182 0 0.0102182 0.014116 0.00959914 -1.12363e-09 -0.00847121 -0.0109936 -0.00702288 1.54451e-09 0.00546943 0.00666793 0.00400152 -1.12768e-10 -0.0027502 -0.00314971 -0.00177566 6.89254e-10 0.00107699 0.00115871 0.000613652 1.77984e-10 -0.000328464 -0.000331977 -0.000165162
0.000171742 0.000345201 0.000341549 -1.85074e-10 -0.000638097 -0.00120487 -0.0011199 -7.16711e-10 0.0018464 0.00327518 0.00285976 1.1726e-10 -0.00416092 -0.00693355 -0.0056873 -1.60604e-09 0.00730264 0.0114315 0.00880867 1.16839e-09 -0.00998153 -0.0146783 -0.0106253 0 0.0106253 0.0146783 0.00998153 -1.16839e-09 -0.00880867 -0.0114315 -0.00730264 1.60604e-09 0.0056873 0.00693355 0.00416092 -1.1726e-10 -0.00285976 -0.00327518 -0.0018464 7.16711e-10 0.0011199 0.00120487 0.000638097 1.85074e-10 -0.000341549 -0.000345201 -0.000171742
0.000175814 0.000353387 0.000349648 -1.89462e-10 -0.000653229 -0.00123344 -0.00114645 -7.33707e-10 0.00189018 0.00335285 0.00292757 1.20041e-10 -0.00425959 -0.00709798 -0.00582217 -1.64412e-09 0.00747582 0.0117026 0.00901756 1.19609e-09 -0.0102182 -0.0150264 -0.0108773 0 0.0108773 0.0150264 0.0102182 -1.19609e-09 -0.00901756 -0.0117026 -0.00747582 1.64412e-09 0.00582217 0.00709798 0.00425959 -1.20041e-10 -0.00292757 -0.00335285 -0.00189018 7.33707e-10 0.00114645 0.00123344 0.000653229 1.89462e-10 -0.000349648 -0.000353387 -0.000175814
0.000177193 0.000356159 0.000352391 -1.90948e-10 -0.000658353 -0.00124312 -0.00115545 -7.39462e-10 0.00190501 0.00337914 0.00295053 1.20983e-10 -0.004293 -0.00715365 -0.00586784 -1.65702e-09 0.00753445 0.0117944 0.00908828 1.20547e-09 -0.0102984 -0.0151443 -0.0109626 0 0.0109626 0.0151443 0.0102984 -1.20547e-09 -0.00908828 -0.0117944 -0.00753445 1.65702e-09 0.00586784 0.00715365 0.004293 -1.20983e-10 -0.00295053 -0.00337914 -0.00190501 7.39462e-10 0.00115545 0.00124312 0.000658353 1.90948e-10 -0.000352391 -0.000356159 -0.000177193
0.000175814 0.000353387 0.000349648 -1.89462e-10 -0.000653229 -0.00123344 -0.00114645 -7.33707e-10 0.00189018 0.00335285 0.00292757 1.20041e-10 -0.00425959 -0.00709798 -0.00582217 -1.64412e-09 0.00747582 0.0117026 0.00901756 1.19609e-09 -0.0102182 -0.0150264 -0.0108773 0 0.0108773 0.0150264 0.0102182 -1.19609e-09 -0.00901756 -0.0117026 -0.00747582 1.64412e-09 0.00582217 0.00709798 0.00425959 -1.20041e-10 -0.00292757 -0.00335285 -0.00189018 7.33707e-10 0.00114645 0.00123344 0.000653229 1.89462e-10 -0.000349648 -0.000353387 -0.000175814
0.000171742 0.000345201 0.000341549 -1.85074e-10 -0.000638097 -0.00120487 -0.0011199 -7.16711e-10 0.0018464 0.00327518 0.00285976 1.1726e-10 -0.00416092 -0.00693355 -0.0056873 -1.60604e-09 0.00730264 0.0114315 0.00880867 1.16839e-09 -0.00998153 -0.0146783 -0.0106253 0 0.0106253 0.0146783 0.00998153 -1.16839e-09 -0.00880867 -0.0114315 -0.00730264 1.60604e-09 0.0056873 0.00693355 0.00416092 -1.1726e-10 -0.00285976 -0.00327518 -0.0018464 7.16711e-10 0.0011199 0.00120487 0.000638097 1.85074e-10 -0.000341549 -0.000345201 -0.000171742
0.000165162 0.000331977 0.000328464 -1.77984e-10 -0.000613652 -0.00115871 -0.00107699 -6.89254e-10 0.00177566 0.00314971 0.0027502 1.12768e-10 -0.00400152 -0.00666793 -0.00546943 -1.54451e-09 0.00702288 0.0109936 0.00847121 1.12363e-09 -0.00959914 -0.014116 -0.0102182 0 0.0102182 0.014116 0.00959914 -1.12363e-09 -0.00847121 -0.0109936 -0.00702288 1.54451e-09 0.00546943 0.00666793 0.00400152 -1.12768e-10 -0.0027502 -0.00314971 -0.00177566 6.89254e-10 0.00107699 0.00115871 0.000613652 1.77984e-10 -0.000328464 -0.000331977 -0.000165162
0.000156373 0.000314309 0.000310984 -1.68511e-10 -0.000580994 -0.00109705 -0.00101968 -6.52573e-10 0.00168116 0.00298208 0.00260384 1.06767e-10 -0.00378856 -0.00631307 -0.00517835 -1.46231e-09 0.00664913 0.0104085 0.00802038 1.06383e-09 -0.00908828 -0.0133648 -0.00967443 0 0.00967443 0.0133648 0.00908828 -1.06383e-09 -0.00802038 -0.0104085 -0.00664913 1.46231e-09 0.00517835 0.00631307 0.00378856 -1.06767e-10 -0.00260384 -0.00298208 -0.00168116 6.52573e-10 0.00101968 0.00109705 0.000580994 1.68511e-10 -0.000310984 -0.000314309 -0.000156373
0.000145755 0.000292968 0.000289869 -1.5707e-10 -0.000541546 -0.00102256 -0.000950443 -6.08265e-10 0.00156702 0.00277961 0.00242704 9.95175e-11 -0.00353133 -0.00588443 -0.00482675 -1.36303e-09 0.00619767 0.00970178 0.00747582 9.91596e-10 -0.00847121 -0.0124573 -0.00901756 0 0.00901756 0.0124573 0.00847121 -9.91596e-10 -0.00747582 -0.00970178 -0.00619767 1.36303e-09 0.00482675 0.00588443 0.00353133 -9.95175e-11 -0.00242704 -0.00277961 -0.00156702 6.08265e-10 0.000950443 0.00102256 0.000541546 1.5707e-10 -0.000289869 -0.000292968 -0.000145755
0.000133753 0.000268843 0.000265998 -1.44135e-10 -0.000496951 -0.000938354 -0.000872176 -5.58175e-10 0.00143798 0.00255071 0.00222718 9.13224e-11 -0.00324053 -0.00539986 -0.00442928 -1.25078e-09 0.0056873 0.00890286 0.0068602 9.09939e-10 -0.00777362 -0.0114315 -0.00827498 0 0.00827498 0.0114315 0.00777362 -9.09939e-10 -0.0068602 -0.00890286 -0.0056873 1.25078e-09 0.00442928 0.00539986 0.00324053 -9.13224e-11 -0.00222718 -0.00255071 -0.00143798 5.58175e-10 0.000872176 0.000938354 0.000496951 1.44135e-10 -0.000265998 -0.000268843 -0.000133753
0.000120835 0.000242879 0.00024031 -1.30216e-10 -0.000448958 -0.000847732 -0.000787945 -5.04269e-10 0.0012991 0.00230438 0.00201209 8.25029e-11 -0.00292757 -0.00487836 -0.00400152 -1.12999e-09 0.00513805 0.00804306 0.00619767 8.22062e-10 -0.00702288 -0.0103275 -0.00747582 0 0.00747582 0.0103275 0.00702288 -8.22062e-10 -0.00619767 -0.00804306 -0.00513805 1.12999e-09 0.00400152 0.00487836 0.00292757 -8.25029e-11 -0.00201209 -0.00230438 -0.0012991 5.04269e-10 0.000787945 0.000847732 0.000448958 1.30216e-10 -0.00024031 -0.000242879 -0.000120835
0.000107473 0.000216021 0.000213736 -1.15816e-10 -0.000399311 -0.000753989 -0.000700813 -4.48506e-10 0.00115545 0.00204955 0.00178959 7.33796e-11 -0.00260384 -0.00433891 -0.00355902 -1.00503e-09 0.00456988 0.00715365 0.00551232 7.31157e-10 -0.00624628 -0.00918546 -0.00664913 0 0.00664913 0.00918546 0.00624628 -7.31157e-10 -0.00551232 -0.00715365 -0.00456988 1.00503e-09 0.00355902 0.00433891 0.00260384 -7.33796e-11 -0.00178959 -0.00204955 -0.00115545 4.48506e-10 0.000700813 0.000753989 0.000399311 1.15816e-10 -0.000213736 -0.000216021 -0.000107473
9.41067e-05 0.000189155 0.000187153 -1.01412e-10 -0.000349649 -0.000660215 -0.000613652 -3.92725e-10 0.00101174 0.00179465 0.00156702 6.42534e-11 -0.00228 -0.00379927 -0.00311638 -8.80036e-10 0.00400152 0.00626394 0.00482675 6.40222e-10 -0.00546943 -0.00804306 -0.00582217 0 0.00582217 0.00804306 0.00546943 -6.40222e-10 -0.00482675 -0.00626394 -0.00400152 8.80036e-10 0.00311638 0.00379927 0.00228 -6.42534e-11 -0.00156702 -0.00179465 -0.00101174 3.92725e-10 0.000613652 0.000660215 0.000349649 1.01412e-10 -0.000187153 -0.000189155 -9.41067e-05
8.1125e-05 0.000163062 0.000161336 -8.74226e-11 -0.000301416 -0.000569141 -0.000529001 -3.3855e-10 0.000872176 0.00154708 0.00135085 5.53899e-11 -0.00196548 -0.00327518 -0.00268649 -7.58638e-10 0.00344952 0.00539986 0.00416092 5.51906e-10 -0.00471494 -0.00693355 -0.00501903 0 0.00501903 0.00693355 0.00471494 -5.51906e-10 -0.00416092 -0.00539986 -0.00344952 7.58638e-10 0.00268649 0.00327518 0.00196548 -5.53899e-11 -0.00135085 -0.00154708 -0.000872176 3.3855e-10 0.000529001 0.000569141 0.000301416 8.74226e-11 -0.000161336 -0.000163062 -8.1125e-05
6.88499e-05 0.000138389 0.000136924 -7.41946e-11 -0.000255808 -0.000483023 -0.000448958 -2.87324e-10 0.000740206 0.00131299 0.00114645 4.70088e-11 -0.00166808 -0.00277961 -0.00228 -6.43848e-10 0.00292757 0.0045828 0.00353133 4.68397e-10 -0.00400152 -0.00588443 -0.00425959 0 0.00425959 0.00588443 0.00400152 -4.68397e-10 -0.00353133 -0.0045828 -0.00292757 6.43848e-10 0.00228 0.00277961 0.00166808 -4.70088e-11 -0.00114645 -0.00131299 -0.000740206 2.87324e-10 0.000448958 0.000483023 0.000255808 7.41946e-11 -0.000136924 -0.000138389 -6.88499e-05
5.75263e-05 0.000115628 0.000114405 -6.19919e-11 -0.000213736 -0.000403581 -0.000375118 -2.40068e-10 0.000618465 0.00109705 0.000957898 3.92773e-11 -0.00139373 -0.00232245 -0.00190501 -5.37955e-10 0.00244608 0.00382907 0.00295053 3.9136e-10 -0.00334339 -0.00491662 -0.00355902 0 0.00355902 0.00491662 0.00334339 -3.9136e-10 -0.00295053 -0.00382907 -0.00244608 5.37955e-10 0.00190501 0.00232245 0.00139373 -3.92773e-11 -0.000957898 -0.00109705 -0.000618465 2.40068e-10 0.000375118 0.000403581 0.000213736 6.19919e-11 -0.000114405 -0.000115628 -5.75263e-05
4.73198e-05 9.51129e-05 9.41066e-05 -5.09931e-11 -0.000175814 -0.000331977 -0.000308564 -1.97475e-10 0.000508736 0.000902406 0.000787946 3.23086e-11 -0.00114645 -0.00191039 -0.00156702 -4.4251e-10 0.00201209 0.00314971 0.00242704 3.21924e-10 -0.0027502 -0.00404431 -0.00292757 0 0.00292757 0.00404431 0.0027502 -3.21924e-10 -0.00242704 -0.00314971 -0.00201209 4.4251e-10 0.00156702 0.00191039 0.00114645 -3.23086e-11 -0.000787946 -0.000902406 -0.000508736 1.97475e-10 0.000308564 0.000331977 0.000175814 5.09931e-11 -9.41066e-05 -9.51129e-05 -4.73198e-05
3.83208e-05 7.70248e-05 7.62098e-05 -4.12955e-11 -0.000142379 -0.000268843 -0.000249883 -1.5992e-10 0.000411987 0.000730791 0.000638098 2.61643e-11 -0.000928427 -0.00154708 -0.00126901 -3.58355e-10 0.00162944 0.00255071 0.00196548 2.60702e-10 -0.00222718 -0.00327518 -0.00237082 0 0.00237082 0.00327518 0.00222718 -2.60702e-10 -0.00196548 -0.00255071 -0.00162944 3.58355e-10 0.00126901 0.00154708 0.000928427 -2.61643e-11 -0.000638098 -0.000730791 -0.000411987 1.5992e-10 0.000249883 0.000268843 0.000142379 4.12955e-11 -7.62098e-05 -7.70248e-05 -3.83208e-05
3.0552e-05 6.14095e-05 6.07598e-05 -3.29236e-11 -0.000113514 -0.00021434 -0.000199224 -1.27499e-10 0.000328465 0.000582637 0.000508736 2.086e-11 -0.000740207 -0.00123344 -0.00101174 -2.85706e-10 0.0012991 0.0020336 0.00156702 2.0785e-10 -0.00177566 -0.0026112 -0.00189018 0 0.00189018 0.0026112 0.00177566 -2.0785e-10 -0.00156702 -0.0020336 -0.0012991 2.85706e-10 0.00101174 0.00123344 0.000740207 -2.086e-11 -0.000508736 -0.000582637 -0.000328465 1.27499e-10 0.000199224 0.00021434 0.000113514 3.29236e-11 -6.07598e-05 -6.14095e-05 -3.0552e-05
2.39805e-05 4.82009e-05 4.76909e-05 -2.58421e-11 -8.90984e-05 -0.000168238 -0.000156373 -1.00075e-10 0.000257815 0.000457317 0.000399311 1.63732e-11 -0.000580995 -0.000968141 -0.000794125 -2.24253e-10 0.00101968 0.00159619 0.00122997 1.63143e-10 -0.00139373 -0.00204955 -0.00148362 0 0.00148362 0.00204955 0.00139373 -1.63143e-10 -0.00122997 -0.00159619 -0.00101968 2.24253e-10 0.000794125 0.000968141 0.000580995 -1.63732e-11 -0.000399311 -0.000457317 -0.000257815 1.00075e-10 0.000156373 0.000168238 8.90984e-05 2.58421e-11 -4.76909e-05 -4.82009e-05 -2.39805e-05
1.85307e-05 3.72468e-05 3.68527e-05 -1.99692e-11 -6.88499e-05 -0.000130004 -0.000120835 -7.73322e-11 0.000199224 0.000353387 0.000308564 1.26522e-11 -0.000448958 -0.000748121 -0.000613653 -1.73289e-10 0.000787946 0.00123344 0.000950444 1.26067e-10 -0.00107699 -0.00158377 -0.00114645 0 0.00114645 0.00158377 0.00107699 -1.26067e-10 -0.000950444 -0.00123344 -0.000787946 1.73289e-10 0.000613653 0.000748121 0.000448958 -1.26522e-11 -0.000308564 -0.000353387 -0.000199224 7.73322e-11 0.000120835 0.000130004 6.88499e-05 1.99692e-11 -3.68527e-05 -3.72468e-05 -1.85307e-05
1.40974e-05 2.83358e-05 2.8036e-05 -1.51918e-11 -5.23782e-05 -9.89018e-05 -9.19267e-05 -5.88312e-11 0.000151561 0.000268843 0.000234743 9.62531e-12 -0.000341549 -0.000569141 -0.000466842 -1.31832e-10 0.000599437 0.000938354 0.000723059 9.59069e-11 -0.000819334 -0.00120487 -0.000872176 0 0.000872176 0.00120487 0.000819334 -9.59069e-11 -0.000723059 -0.000938354 -0.000599437 1.31832e-10 0.000466842 0.000569141 0.000341549 -9.62531e-12 -0.000234743 -0.000268843 -0.000151561 5.88312e-11 9.19267e-05 9.89018e-05 5.23782e-05 1.51918e-11 -2.8036e-05 -2.83358e-05 -1.40974e-05
1.05585e-05 2.12226e-05 2.0998e-05 -1.13781e-11 -3.92295e-05 -7.4074e-05 -6.88499e-05 -4.40625e-11 0.000113514 0.000201354 0.000175814 7.20903e-12 -0.000255809 -0.000426267 -0.000349649 -9.87373e-11 0.000448958 0.000702795 0.000541546 7.1831e-11 -0.000613653 -0.000902406 -0.00065323 0 0.00065323 0.000902406 0.000613653 -7.1831e-11 -0.000541546 -0.000702795 -0.000448958 9.87373e-11 0.000349649 0.000426267 0.000255809 -7.20903e-12 -0.000175814 -0.000201354 -0.000113514 4.40625e-11 6.88499e-05 7.4074e-05 3.92295e-05 1.13781e-11 -2.0998e-05 -2.12226e-05 -1.05585e-05
7.78533e-06 1.56485e-05 1.5483e-05 -8.38969e-12 -2.8926e-05 -5.46188e-05 -5.07667e-05 -3.24897e-11 8.37002e-05 0.000148469 0.000129637 5.3156e-12 -0.000188621 -0.000314309 -0.000257815 -7.28043e-11 0.000331041 0.000518208 0.000399311 5.29648e-11 -0.000452479 -0.000665393 -0.000481661 0 0.000481661 0.000665393 0.000452479 -5.29648e-11 -0.000399311 -0.000518208 -0.000331041 7.28043e-11 0.000257815 0.000314309 0.000188621 -5.3156e-12 -0.000129637 -0.000148469 -8.37002e-05 3.24897e-11 5.07667e-05 5.46188e-05 2.8926e-05 8.38969e-12 -1.5483e-05 -1.56485e-05 -7.78533e-06
5.65155e-06 1.13596e-05 1.12394e-05 -6.09026e-12 -2.0998e-05 -3.9649e-05 -3.68527e-05 -2.3585e-11 6.07598e-05 0.000107777 9.41067e-05 3.85871e-12 -0.000136924 -0.000228164 -0.000187153 -5.28503e-11 0.00024031 0.000376179 0.000289869 3.84483e-11 -0.000328465 -0.000483023 -0.000349649 0 0.000349649 0.000483023 0.000328465 -3.84483e-11 -0.000289869 -0.000376179 -0.00024031 5.28503e-11 0.000187153 0.000228164 0.000136924 -3.85871e-12 -9.41067e-05 -0.000107777 -6.07598e-05 2.3585e-11 3.68527e-05 3.9649e-05 2.0998e-05 6.09026e-12 -1.12394e-05 -1.13596e-05 -5.65155e-06
4.03898e-06 8.11835e-06 8.03246e-06 -4.35251e-12 -1.50066e-05 -2.83358e-05 -2.63374e-05 -1.68554e-11 4.34231e-05 7.70248e-05 6.7255e-05 2.7577e-12 -9.78555e-05 -0.000163062 -0.000133753 -3.77704e-11 0.000171742 0.000268843 0.00020716 2.74778e-11 -0.000234743 -0.000345201 -0.000249883 0 0.000249883 0.000345201 0.000234743 -2.74778e-11 -0.00020716 -0.000268843 -0.000171742 3.77704e-11 0.000133753 0.000163062 9.78555e-05 -2.7577e-12 -6.7255e-05 -7.70248e-05 -4.34231e-05 1.68554e-11 2.63374e-05 2.83358e-05 1.50066e-05 4.35251e-12 -8.03246e-06 -8.11835e-06 -4.03898e-06
2.84178e-06 5.71198e-06 5.65154e-06 -3.06238e-12 -1.05585e-05 -1.99368e-05 -1.85307e-05 -1.18593e-11 3.0552e-05 5.41937e-05 4.73198e-05 1.94028e-12 -6.88499e-05 -0.000114728 -9.41067e-05 -2.65748e-11 0.000120835 0.000189155 0.000145755 1.9333e-11 -0.000165162 -0.000242879 -0.000175814 0 0.000175814 0.000242879 0.000165162 -1.9333e-11 -0.000145755 -0.000189155 -0.000120835 2.65748e-11 9.41067e-05 0.000114728 6.88499e-05 -1.94028e-12 -4.73198e-05 -5.41937e-05 -3.0552e-05 1.18593e-11 1.85307e-05 1.99368e-05 1.05585e-05 3.06238e-12 -5.65154e-06 -5.71198e-06 -2.84178e-06

