1.04832e-05 1.20321e-05 1.52452e-12 -2.88635e-05 -6.03267e-05 -6.11039e-05 -8.27979e-11 0.000114157 0.000210561 0.000188213 -1.93956e-10 -0.000273849 -0.000445757 -0.000351629 -2.0674e-11 0.000398448 0.000572364 0.000398448 -1.57403e-10 -0.000351629 -0.000445757 -0.000273849 4.44818e-11 0.000188213 0.000210561 0.000114157 1.10971e-12 -6.11039e-05 -6.03267e-05 -2.88634e-05 -1.24176e-12 1.20321e-05 1.04832e-05
1.20321e-05 1.57291e-12 -3.0725e-05 -6.62559e-05 -6.92398e-05 -9.68006e-11 0.0001377 0.000262047 0.000241671 -2.5695e-10 -0.000374307 -0.000628619 -0.000511617 -3.10353e-11 0.000617128 0.000914635 0.000656929 -2.67752e-10 -0.000617128 -0.000807162 -0.000511617 8.57408e-11 0.000374307 0.000432043 0.000241671 2.42383e-12 -0.0001377 -0.000140264 -6.92398e-05 -3.07339e-12 3.0725e-05 2.76196e-05 1.20321e-05
1.52452e-12 -3.0725e-05 -6.83591e-05 -7.37053e-05 -1.06315e-10 0.000156034 0.000306364 0.00029151 -3.1978e-10 -0.00048062 -0.000832784 -0.000699298 -4.37668e-11 0.000897916 0.00137303 0.00101747 -4.27866e-10 -0.00101747 -0.00137303 -0.000897915 1.55257e-10 0.000699297 0.000832784 0.000480619 4.97338e-12 -0.000291511 -0.000306364 -0.000156034 -7.14585e-12 7.37054e-05 6.83591e-05 3.0725e-05 -1.24176e-12
-2.88635e-05 -6.62559e-05 -7.37053e-05 -1.09689e-10 0.000166098 0.000336475 0.000330325 -3.73861e-10 -0.000579738 -0.00103642 -0.000897916 -5.79816e-11 0.00122731 0.00193628 0.00148041 -6.42304e-10 -0.00157589 -0.00219409 -0.00148041 2.641e-10 0.00122731 0.00150798 0.000897915 9.58643e-12 -0.000579738 -0.000628619 -0.000330325 -1.5608e-11 0.000166098 0.00015894 7.37054e-05 -3.07339e-12 -2.88634e-05
-6.03267e-05 -6.92398e-05 -1.06315e-10 0.000166098 0.000347156 0.000351629 -4.10605e-10 -0.00065693 -0.00121169 -0.00108309 -7.21593e-11 0.00157589 0.00256516 0.00202348 -9.05793e-10 -0.00229291 -0.00329373 -0.00229291 4.22031e-10 0.00202348 0.00256516 0.00157589 1.73588e-11 -0.00108309 -0.00121169 -0.000656929 -3.20255e-11 0.000351629 0.000347156 0.000166098 -7.14585e-12 -6.92398e-05 -6.03267e-05
-6.11039e-05 -9.68006e-11 0.000156034 0.000336475 0.000351629 -4.2364e-10 -0.000699298 -0.00133079 -0.00122731 -8.43628e-11 0.00190089 0.00319239 0.00259821 -1.19998e-09 -0.00313403 -0.0046449 -0.00333616 6.33544e-10 0.00313403 0.00409911 0.0025982 2.95283e-11 -0.00190089 -0.00219409 -0.00122731 -6.17307e-11 0.000699297 0.000712318 0.000351629 -1.5608e-11 -0.000156034 -0.000140264 -6.11039e-05
-8.27979e-11 0.0001377 0.000306364 0.000330325 -4.10605e-10 -0.000699298 -0.00137303 -0.00130646 -9.26544e-11 0.00215399 0.00373228 0.00313403 -1.4934e-09 -0.00402418 -0.00615349 -0.00455999 8.9344e-10 0.00455999 0.00615349 0.00402418 4.71861e-11 -0.00313403 -0.00373228 -0.00215399 -1.1178e-10 0.00130646 0.00137303 0.000699297 -3.20255e-11 -0.000330325 -0.000306364 -0.0001377 1.10971e-12
0.000114157 0.000262047 0.00029151 -3.73861e-10 -0.00065693 -0.00133079 -0.00130646 -9.55956e-11 0.00229291 0.00409911 0.00355133 -1.74596e-09 -0.00485408 -0.00765814 -0.00585514 1.18362e-09 0.00623277 0.00867781 0.00585514 7.08347e-11 -0.00485409 -0.00596417 -0.00355133 -1.90144e-10 0.00229291 0.00248623 0.00130646 -6.17307e-11 -0.000656929 -0.000628619 -0.000291511 2.42383e-12 0.000114157
0.000210561 0.000241671 -3.1978e-10 -0.000579738 -0.00121169 -0.00122731 -9.26544e-11 0.00229291 0.00422923 0.00378037 -1.91756e-09 -0.0055004 -0.00895328 -0.00706265 1.47303e-09 0.00800303 0.0114962 0.00800303 9.98929e-11 -0.00706265 -0.00895328 -0.0055004 -3.03849e-10 0.00378037 0.00422923 0.00229291 -1.1178e-10 -0.00122731 -0.00121169 -0.000579738 4.97338e-12 0.000241671 0.000210561
0.000188213 -2.5695e-10 -0.00048062 -0.00103642 -0.00108309 -8.43628e-11 0.00215399 0.00409911 0.00378037 -1.97843e-09 -0.00585514 -0.00983325 -0.00800303 1.72215e-09 0.0096535 0.0143073 0.0102761 1.32337e-10 -0.0096535 -0.0126261 -0.00800303 -4.56132e-10 0.00585514 0.00675829 0.00378037 -1.90144e-10 -0.00215399 -0.00219409 -0.00108309 9.58643e-12 0.000480619 0.000432043 0.000188213
-1.93956e-10 -0.000374307 -0.000832784 -0.000897916 -7.21593e-11 0.00190089 0.00373228 0.00355133 -1.91756e-09 -0.00585514 -0.0101454 -0.00851918 1.89141e-09 0.0109389 0.0167269 0.0123953 1.64696e-10 -0.0123953 -0.0167269 -0.0109389 -6.43249e-10 0.00851919 0.0101454 0.00585514 -3.03849e-10 -0.00355133 -0.00373228 -0.00190089 1.73588e-11 0.000897915 0.000832784 0.000374307 4.44818e-11
-0.000273849 -0.000628619 -0.000699298 -5.79816e-11 0.00157589 0.00319239 0.00313403 -1.74596e-09 -0.0055004 -0.00983325 -0.00851918 1.95145e-09 0.0116443 0.0183709 0.0140458 1.92549e-10 -0.0149516 -0.020817 -0.0140458 -8.52166e-10 0.0116443 0.0143073 0.00851919 -4.56132e-10 -0.0055004 -0.00596417 -0.00313403 2.95283e-11 0.00157589 0.00150798 0.000699297 8.57408e-11 -0.000273849
-0.000445757 -0.000511617 -4.37668e-11 0.00122731 0.00256516 0.00259821 -1.4934e-09 -0.00485408 -0.00895328 -0.00800303 1.89141e-09 0.0116443 0.0189541 0.0149516 2.11473e-10 -0.0169424 -0.0243375 -0.0169424 -1.06054e-09 0.0149516 0.0189541 0.0116443 -6.43249e-10 -0.00800303 -0.00895328 -0.00485409 4.71861e-11 0.0025982 0.00256516 0.00122731 1.55257e-10 -0.000511617 -0.000445757
-0.000351629 -3.10353e-11 0.000897916 0.00193628 0.00202348 -1.19998e-09 -0.00402418 -0.00765814 -0.00706265 1.72215e-09 0.0109389 0.0183709 0.0149516 2.18186e-10 -0.0180351 -0.0267295 -0.0191983 -1.23989e-09 0.0180351 0.0235887 0.0149516 -8.52166e-10 -0.0109389 -0.0126261 -0.00706265 7.08347e-11 0.00402418 0.00409911 0.00202348 2.641e-10 -0.000897915 -0.000807162 -0.000351629
-2.0674e-11 0.000617128 0.00137303 0.00148041 -9.05793e-10 -0.00313403 -0.00615349 -0.00585514 1.47303e-09 0.0096535 0.0167269 0.0140458 2.11473e-10 -0.0180351 -0.027578 -0.0204365 -1.36176e-09 0.0204365 0.027578 0.0180351 -1.06054e-09 -0.0140458 -0.0167269 -0.0096535 9.98929e-11 0.00585514 0.00615349 0.00313403 4.22031e-10 -0.00148041 -0.00137303 -0.000617128 -1.57403e-10
0.000398448 0.000914635 0.00101747 -6.42304e-10 -0.00229291 -0.0046449 -0.00455999 1.18362e-09 0.00800303 0.0143073 0.0123953 1.92549e-10 -0.0169424 -0.0267295 -0.0204365 -1.40498e-09 0.0217545 0.0302885 0.0204365 -1.23989e-09 -0.0169424 -0.020817 -0.0123953 1.32337e-10 0.00800303 0.00867781 0.00455999 6.33544e-10 -0.00229291 -0.00219409 -0.00101747 -2.67752e-10 0.000398448
0.000572364 0.000656929 -4.27866e-10 -0.00157589 -0.00329373 -0.00333616 8.9344e-10 0.00623277 0.0114962 0.0102761 1.64696e-10 -0.0149516 -0.0243375 -0.0191983 -1.36176e-09 0.0217545 0.03125 0.0217545 -1.36176e-09 -0.0191983 -0.0243375 -0.0149516 1.64696e-10 0.0102761 0.0114962 0.00623277 8.9344e-10 -0.00333616 -0.00329373 -0.00157589 -4.27866e-10 0.000656929 0.000572364
0.000398448 -2.67752e-10 -0.00101747 -0.00219409 -0.00229291 6.33544e-10 0.00455999 0.00867781 0.00800303 1.32337e-10 -0.0123953 -0.020817 -0.0169424 -1.23989e-09 0.0204365 0.0302885 0.0217545 -1.40498e-09 -0.0204365 -0.0267295 -0.0169424 1.92549e-10 0.0123953 0.0143073 0.00800303 1.18362e-09 -0.00455999 -0.0046449 -0.00229291 -6.42304e-10 0.00101747 0.000914635 0.000398448
-1.57403e-10 -0.000617128 -0.00137303 -0.00148041 4.22031e-10 0.00313403 0.00615349 0.00585514 9.98929e-11 -0.0096535 -0.0167269 -0.0140458 -1.06054e-09 0.0180351 0.027578 0.0204365 -1.36176e-09 -0.0204365 -0.027578 -0.0180351 2.11473e-10 0.0140458 0.0167269 0.0096535 1.47303e-09 -0.00585514 -0.00615349 -0.00313403 -9.05793e-10 0.00148041 0.00137303 0.000617128 -2.0674e-11
-0.000351629 -0.000807162 -0.000897915 2.641e-10 0.00202348 0.00409911 0.00402418 7.08347e-11 -0.00706265 -0.0126261 -0.0109389 -8.52166e-10 0.0149516 0.0235887 0.0180351 -1.23989e-09 -0.0191983 -0.0267295 -0.0180351 2.18186e-10 0.0149516 0.0183709 0.0109389 1.72215e-09 -0.00706265 -0.00765814 -0.00402418 -1.19998e-09 0.00202348 0.00193628 0.000897916 -3.10353e-11 -0.000351629
-0.000445757 -0.000511617 1.55257e-10 0.00122731 0.00256516 0.0025982 4.71861e-11 -0.00485409 -0.00895328 -0.00800303 -6.43249e-10 0.0116443 0.0189541 0.0149516 -1.06054e-09 -0.0169424 -0.0243375 -0.0169424 2.11473e-10 0.0149516 0.0189541 0.0116443 1.89141e-09 -0.00800303 -0.00895328 -0.00485408 -1.4934e-09 0.00259821 0.00256516 0.00122731 -4.37668e-11 -0.000511617 -0.000445757
-0.000273849 8.57408e-11 0.000699297 0.00150798 0.00157589 2.95283e-11 -0.00313403 -0.00596417 -0.0055004 -4.56132e-10 0.00851919 0.0143073 0.0116443 -8.52166e-10 -0.0140458 -0.020817 -0.0149516 1.92549e-10 0.0140458 0.0183709 0.0116443 1.95145e-09 -0.00851918 -0.00983325 -0.0055004 -1.74596e-09 0.00313403 0.00319239 0.00157589 -5.79816e-11 -0.000699298 -0.000628619 -0.000273849
4.44818e-11 0.000374307 0.000832784 0.000897915 1.73588e-11 -0.00190089 -0.00373228 -0.00355133 -3.03849e-10 0.00585514 0.0101454 0.00851919 -6.43249e-10 -0.0109389 -0.0167269 -0.0123953 1.64696e-10 0.0123953 0.0167269 0.0109389 1.89141e-09 -0.00851918 -0.0101454 -0.00585514 -1.91756e-09 0.00355133 0.00373228 0.00190089 -7.21593e-11 -0.000897916 -0.000832784 -0.000374307 -1.93956e-10
0.000188213 0.000432043 0.000480619 9.58643e-12 -0.00108309 -0.00219409 -0.00215399 -1.90144e-10 0.00378037 0.00675829 0.00585514 -4.56132e-10 -0.00800303 -0.0126261 -0.0096535 1.32337e-10 0.0102761 0.0143073 0.0096535 1.72215e-09 -0.00800303 -0.00983325 -0.00585514 -1.97843e-09 0.00378037 0.00409911 0.00215399 -8.43628e-11 -0.00108309 -0.00103642 -0.00048062 -2.5695e-10 0.000188213
0.000210561 0.000241671 4.97338e-12 -0.000579738 -0.00121169 -0.00122731 -1.1178e-10 0.00229291 0.00422923 0.00378037 -3.03849e-10 -0.0055004 -0.00895328 -0.00706265 9.98929e-11 0.00800303 0.0114962 0.00800303 1.47303e-09 -0.00706265 -0.00895328 -0.0055004 -1.91756e-09 0.00378037 0.00422923 0.00229291 -9.26544e-11 -0.00122731 -0.00121169 -0.000579738 -3.1978e-10 0.000241671 0.000210561
0.000114157 2.42383e-12 -0.000291511 -0.000628619 -0.000656929 -6.17307e-11 0.00130646 0.00248623 0.00229291 -1.90144e-10 -0.00355133 -0.00596417 -0.00485409 7.08347e-11 0.00585514 0.00867781 0.00623277 1.18362e-09 -0.00585514 -0.00765814 -0.00485408 -1.74596e-09 0.00355133 0.00409911 0.00229291 -9.55956e-11 -0.00130646 -0.00133079 -0.00065693 -3.73861e-10 0.00029151 0.000262047 0.000114157
1.10971e-12 -0.0001377 -0.000306364 -0.000330325 -3.20255e-11 0.000699297 0.00137303 0.00130646 -1.1178e-10 -0.00215399 -0.00373228 -0.00313403 4.71861e-11 0.00402418 0.00615349 0.00455999 8.9344e-10 -0.00455999 -0.00615349 -0.00402418 -1.4934e-09 0.00313403 0.00373228 0.00215399 -9.26544e-11 -0.00130646 -0.00137303 -0.000699298 -4.10605e-10 0.000330325 0.000306364 0.0001377 -8.27979e-11
-6.11039e-05 -0.000140264 -0.000156034 -1.5608e-11 0.000351629 0.000712318 0.000699297 -6.17307e-11 -0.00122731 -0.00219409 -0.00190089 2.95283e-11 0.0025982 0.00409911 0.00313403 6.33544e-10 -0.00333616 -0.0046449 -0.00313403 -1.19998e-09 0.00259821 0.00319239 0.00190089 -8.43628e-11 -0.00122731 -0.00133079 -0.000699298 -4.2364e-10 0.000351629 0.000336475 0.000156034 -9.68006e-11 -6.11039e-05
-6.03267e-05 -6.92398e-05 -7.14585e-12 0.000166098 0.000347156 0.000351629 -3.20255e-11 -0.000656929 -0.00121169 -0.00108309 1.73588e-11 0.00157589 0.00256516 0.00202348 4.22031e-10 -0.00229291 -0.00329373 -0.00229291 -9.05793e-10 0.00202348 0.00256516 0.00157589 -7.21593e-11 -0.00108309 -0.00121169 -0.00065693 -4.10605e-10 0.000351629 0.000347156 0.000166098 -1.06315e-10 -6.92398e-05 -6.03267e-05
-2.88634e-05 -3.07339e-12 7.37054e-05 0.00015894 0.000166098 -1.5608e-11 -0.000330325 -0.000628619 -0.000579738 9.58643e-12 0.000897915 0.00150798 0.00122731 2.641e-10 -0.00148041 -0.00219409 -0.00157589 -6.42304e-10 0.00148041 0.00193628 0.00122731 -5.79816e-11 -0.000897916 -0.00103642 -0.000579738 -3.73861e-10 0.000330325 0.000336475 0.000166098 -1.09689e-10 -7.37053e-05 -6.62559e-05 -2.88635e-05
-1.24176e-12 3.0725e-05 6.83591e-05 7.37054e-05 -7.14585e-12 -0.000156034 -0.000306364 -0.000291511 4.97338e-12 0.000480619 0.000832784 0.000699297 1.55257e-10 -0.000897915 -0.00137303 -0.00101747 -4.27866e-10 0.00101747 0.00137303 0.000897916 -4.37668e-11 -0.000699298 -0.000832784 -0.00048062 -3.1978e-10 0.00029151 0.000306364 0.000156034 -1.06315e-10 -7.37053e-05 -6.83591e-05 -3.0725e-05 1.52452e-12
1.20321e-05 2.76196e-05 3.0725e-05 -3.07339e-12 -6.92398e-05 -0.000140264 -0.0001377 2.42383e-12 0.000241671 0.000432043 0.000374307 8.57408e-11 -0.000511617 -0.000807162 -0.000617128 -2.67752e-10 0.000656929 0.000914635 0.000617128 -3.10353e-11 -0.000511617 -0.000628619 -0.000374307 -2.5695e-10 0.000241671 0.000262047 0.0001377 -9.68006e-11 -6.92398e-05 -6.62559e-05 -3.0725e-05 1.57291e-12 1.20321e-05
1.04832e-05 1.20321e-05 -1.24176e-12 -2.88634e-05 -6.03267e-05 -6.11039e-05 1.10971e-12 0.000114157 0.000210561 0.000188213 4.44818e-11 -0.000273849 -0.000445757 -0.000351629 -1.57403e-10 0.000398448 0.000572364 0.000398448 -2.0674e-11 -0.000351629 -0.000445757 -0.000273849 -1.93956e-10 0.000188213 0.000210561 0.000114157 -8.27979e-11 -6.11039e-05 -6.03267e-05 -2.88635e-05 1.52452e-12 1.20321e-05 1.04832e-05

