2.84177e-06 -3.3971e-12 -5.65155e-06 -1.10101e-05 -1.05585e-05 -7.66567e-13 1.85307e-05 3.39136e-05 3.0552e-05 -1.58648e-11 -4.73198e-05 -8.13544e-05 -6.88499e-05 1.56484e-11 9.41067e-05 0.00015199 0.000120835 1.7496e-12 -0.000145755 -0.000221144 -0.000165162 -1.12664e-11 0.000175814 0.000250589 0.000175814 -1.12664e-11 -0.000165162 -0.000221144 -0.000145755 1.7496e-12 0.000120835 0.00015199 9.41067e-05 1.56484e-11 -6.88499e-05 -8.13544e-05 -4.73198e-05 -1.58648e-11 3.0552e-05 3.39136e-05 1.85307e-05 -7.66567e-13 -1.05585e-05 -1.10101e-05 -5.65155e-06 -3.3971e-12 2.84177e-06
4.03898e-06 -4.82826e-12 -8.03247e-06 -1.56485e-05 -1.50066e-05 -1.08951e-12 2.63374e-05 4.82009e-05 4.34231e-05 -2.25484e-11 -6.7255e-05 -0.000115628 -9.78554e-05 2.22409e-11 0.000133753 0.000216021 0.000171742 2.48669e-12 -0.00020716 -0.000314309 -0.000234743 -1.60127e-11 0.000249883 0.000356159 0.000249883 -1.60127e-11 -0.000234743 -0.000314309 -0.00020716 2.48669e-12 0.000171742 0.000216021 0.000133753 2.22409e-11 -9.78554e-05 -0.000115628 -6.7255e-05 -2.25484e-11 4.34231e-05 4.82009e-05 2.63374e-05 -1.08951e-12 -1.50066e-05 -1.56485e-05 -8.03247e-06 -4.82826e-12 4.03898e-06
5.65154e-06 -6.75595e-12 -1.12394e-05 -2.18962e-05 -2.0998e-05 -1.5245e-12 3.68527e-05 6.74452e-05 6.07598e-05 -3.15509e-11 -9.41066e-05 -0.000161793 -0.000136924 3.11206e-11 0.000187153 0.000302268 0.00024031 3.4795e-12 -0.000289869 -0.000439798 -0.000328465 -2.24058e-11 0.000349649 0.000498356 0.000349649 -2.24058e-11 -0.000328465 -0.000439798 -0.000289869 3.4795e-12 0.00024031 0.000302268 0.000187153 3.11206e-11 -0.000136924 -0.000161793 -9.41066e-05 -3.15509e-11 6.07598e-05 6.74452e-05 3.68527e-05 -1.5245e-12 -2.0998e-05 -2.18962e-05 -1.12394e-05 -6.75595e-12 5.65154e-06
7.78533e-06 -9.30671e-12 -1.5483e-05 -3.01633e-05 -2.8926e-05 -2.10009e-12 5.07668e-05 9.29096e-05 8.37002e-05 -4.34632e-11 -0.000129637 -0.000222879 -0.000188621 4.28704e-11 0.000257815 0.000416392 0.000331041 4.79322e-12 -0.000399311 -0.000605847 -0.000452479 -3.08654e-11 0.000481661 0.000686515 0.000481661 -3.08654e-11 -0.000452479 -0.000605847 -0.000399311 4.79322e-12 0.000331041 0.000416392 0.000257815 4.28704e-11 -0.000188621 -0.000222879 -0.000129637 -4.34632e-11 8.37002e-05 9.29096e-05 5.07668e-05 -2.10009e-12 -2.8926e-05 -3.01633e-05 -1.5483e-05 -9.30671e-12 7.78533e-06
1.05585e-05 -1.26218e-11 -2.09981e-05 -4.09076e-05 -3.92295e-05 -2.84814e-12 6.88499e-05 0.000126004 0.000113514 -5.89448e-11 -0.000175814 -0.000302268 -0.000255808 5.81409e-11 0.000349649 0.000564712 0.000448958 6.50057e-12 -0.000541546 -0.00082165 -0.000613653 -4.18596e-11 0.00065323 0.000931052 0.00065323 -4.18596e-11 -0.000613653 -0.00082165 -0.000541546 6.50057e-12 0.000448958 0.000564712 0.000349649 5.81409e-11 -0.000255808 -0.000302268 -0.000175814 -5.89448e-11 0.000113514 0.000126004 6.88499e-05 -2.84814e-12 -3.92295e-05 -4.09076e-05 -2.09981e-05 -1.26218e-11 1.05585e-05
1.40974e-05 -1.68523e-11 -2.80361e-05 -5.46188e-05 -5.23783e-05 -3.80277e-12 9.19267e-05 0.000168238 0.000151562 -7.87016e-11 -0.000234743 -0.000403581 -0.000341549 7.76283e-11 0.000466842 0.000753989 0.000599437 8.67939e-12 -0.000723059 -0.00109705 -0.000819334 -5.58899e-11 0.000872176 0.00124312 0.000872176 -5.58899e-11 -0.000819334 -0.00109705 -0.000723059 8.67939e-12 0.000599437 0.000753989 0.000466842 7.76283e-11 -0.000341549 -0.000403581 -0.000234743 -7.87016e-11 0.000151562 0.000168238 9.19267e-05 -3.80277e-12 -5.23783e-05 -5.46188e-05 -2.80361e-05 -1.68523e-11 1.40974e-05
1.85307e-05 -2.21519e-11 -3.68527e-05 -7.1795e-05 -6.88499e-05 -4.99864e-12 0.000120835 0.000221144 0.000199224 -1.03451e-10 -0.000308564 -0.000530497 -0.000448958 1.0204e-10 0.000613653 0.0009911 0.000787945 1.14088e-11 -0.000950444 -0.00144204 -0.00107699 -7.34659e-11 0.00114645 0.00163405 0.00114645 -7.34659e-11 -0.00107699 -0.00144204 -0.000950444 1.14088e-11 0.000787945 0.0009911 0.000613653 1.0204e-10 -0.000448958 -0.000530497 -0.000308564 -1.03451e-10 0.000199224 0.000221144 0.000120835 -4.99864e-12 -6.88499e-05 -7.1795e-05 -3.68527e-05 -2.21519e-11 1.85307e-05
2.39805e-05 -2.86667e-11 -4.7691e-05 -9.29096e-05 -8.90984e-05 -6.46872e-12 0.000156373 0.000286182 0.000257815 -1.33876e-10 -0.000399311 -0.000686515 -0.000580994 1.3205e-10 0.000794125 0.00128258 0.00101968 1.47641e-11 -0.00122997 -0.00186614 -0.00139373 -9.5072e-11 0.00148362 0.00211461 0.00148362 -9.5072e-11 -0.00139373 -0.00186614 -0.00122997 1.47641e-11 0.00101968 0.00128258 0.000794125 1.3205e-10 -0.000580994 -0.000686515 -0.000399311 -1.33876e-10 0.000257815 0.000286182 0.000156373 -6.46872e-12 -8.90984e-05 -9.29096e-05 -4.7691e-05 -2.86667e-11 2.39805e-05
3.0552e-05 -3.65223e-11 -6.07599e-05 -0.00011837 -0.000113514 -8.24137e-12 0.000199224 0.000364605 0.000328465 -1.70562e-10 -0.000508736 -0.000874642 -0.000740206 1.68236e-10 0.00101174 0.00163405 0.0012991 1.881e-11 -0.00156702 -0.00237752 -0.00177566 -1.21125e-10 0.00189018 0.00269409 0.00189018 -1.21125e-10 -0.00177566 -0.00237752 -0.00156702 1.881e-11 0.0012991 0.00163405 0.00101174 1.68236e-10 -0.000740206 -0.000874642 -0.000508736 -1.70562e-10 0.000328465 0.000364605 0.000199224 -8.24137e-12 -0.000113514 -0.00011837 -6.07599e-05 -3.65223e-11 3.0552e-05
3.83207e-05 -4.58092e-11 -7.621e-05 -0.000148469 -0.000142379 -1.0337e-11 0.000249883 0.000457317 0.000411987 -2.13933e-10 -0.000638097 -0.00109705 -0.000928426 2.11016e-10 0.00126901 0.00204955 0.00162944 2.3593e-11 -0.00196548 -0.00298208 -0.00222718 -1.51925e-10 0.00237082 0.00337914 0.00237082 -1.51925e-10 -0.00222718 -0.00298208 -0.00196548 2.3593e-11 0.00162944 0.00204955 0.00126901 2.11016e-10 -0.000928426 -0.00109705 -0.000638097 -2.13933e-10 0.000411987 0.000457317 0.000249883 -1.0337e-11 -0.000142379 -0.000148469 -7.621e-05 -4.58092e-11 3.83207e-05
4.73198e-05 -5.65669e-11 -9.41068e-05 -0.000183335 -0.000175814 -1.27645e-11 0.000308564 0.000564712 0.000508736 -2.64172e-10 -0.000787945 -0.00135467 -0.00114645 2.60569e-10 0.00156702 0.00253086 0.00201209 2.91335e-11 -0.00242704 -0.00368238 -0.0027502 -1.87602e-10 0.00292757 0.00417269 0.00292757 -1.87602e-10 -0.0027502 -0.00368238 -0.00242704 2.91335e-11 0.00201209 0.00253086 0.00156702 2.60569e-10 -0.00114645 -0.00135467 -0.000787945 -2.64172e-10 0.000508736 0.000564712 0.000308564 -1.27645e-11 -0.000175814 -0.000183335 -9.41068e-05 -5.65669e-11 4.73198e-05
5.75262e-05 -6.87678e-11 -0.000114405 -0.000222879 -0.000213736 -1.55177e-11 0.000375118 0.000686515 0.000618466 -3.21152e-10 -0.000957898 -0.00164686 -0.00139373 3.16772e-10 0.00190501 0.00307674 0.00244608 3.54173e-11 -0.00295053 -0.00447664 -0.00334339 -2.28066e-10 0.00355902 0.00507269 0.00355902 -2.28066e-10 -0.00334339 -0.00447664 -0.00295053 3.54173e-11 0.00244608 0.00307674 0.00190501 3.16772e-10 -0.00139373 -0.00164686 -0.000957898 -3.21152e-10 0.000618466 0.000686515 0.000375118 -1.55177e-11 -0.000213736 -0.000222879 -0.000114405 -6.87678e-11 5.75262e-05
6.88499e-05 -8.23043e-11 -0.000136925 -0.000266751 -0.000255809 -1.85722e-11 0.000448958 0.00082165 0.000740206 -3.84368e-10 -0.00114645 -0.00197104 -0.00166808 3.79126e-10 0.00228 0.00368238 0.00292757 4.2389e-11 -0.00353133 -0.00535783 -0.00400152 -2.72959e-10 0.00425959 0.00607122 0.00425959 -2.72959e-10 -0.00400152 -0.00535783 -0.00353133 4.2389e-11 0.00292757 0.00368238 0.00228 3.79126e-10 -0.00166808 -0.00197104 -0.00114645 -3.84368e-10 0.000740206 0.00082165 0.000448958 -1.85722e-11 -0.000255809 -0.000266751 -0.000136925 -8.23043e-11 6.88499e-05
8.1125e-05 -9.69782e-11 -0.000161337 -0.000314309 -0.000301416 -2.18834e-11 0.000529002 0.000968141 0.000872176 -4.52897e-10 -0.00135085 -0.00232245 -0.00196548 4.4672e-10 0.00268649 0.00433891 0.00344952 4.99465e-11 -0.00416092 -0.00631307 -0.00471494 -3.21624e-10 0.00501903 0.00715365 0.00501903 -3.21624e-10 -0.00471494 -0.00631307 -0.00416092 4.99465e-11 0.00344952 0.00433891 0.00268649 4.4672e-10 -0.00196548 -0.00232245 -0.00135085 -4.52897e-10 0.000872176 0.000968141 0.000529002 -2.18834e-11 -0.000301416 -0.000314309 -0.000161337 -9.69782e-11 8.1125e-05
9.41066e-05 -1.12497e-10 -0.000187154 -0.000364605 -0.000349649 -2.53852e-11 0.000613653 0.00112306 0.00101174 -5.25369e-10 -0.00156702 -0.00269409 -0.00228 5.18204e-10 0.00311638 0.00503322 0.00400152 5.79389e-11 -0.00482675 -0.00732329 -0.00546943 -3.73091e-10 0.00582217 0.00829837 0.00582217 -3.73091e-10 -0.00546943 -0.00732329 -0.00482675 5.79389e-11 0.00400152 0.00503322 0.00311638 5.18204e-10 -0.00228 -0.00269409 -0.00156702 -5.25369e-10 0.00101174 0.00112306 0.000613653 -2.53852e-11 -0.000349649 -0.000364605 -0.000187154 -1.12497e-10 9.41066e-05
0.000107473 -1.28475e-10 -0.000213736 -0.000416392 -0.000399311 -2.89908e-11 0.000700813 0.00128258 0.00115545 -5.99991e-10 -0.00178959 -0.00307674 -0.00260384 5.91808e-10 0.00355902 0.00574812 0.00456988 6.61683e-11 -0.00551232 -0.00836346 -0.00624628 -4.26083e-10 0.00664913 0.00947704 0.00664913 -4.26083e-10 -0.00624628 -0.00836346 -0.00551232 6.61683e-11 0.00456988 0.00574812 0.00355902 5.91808e-10 -0.00260384 -0.00307674 -0.00178959 -5.99991e-10 0.00115545 0.00128258 0.000700813 -2.89908e-11 -0.000399311 -0.000416392 -0.000213736 -1.28475e-10 0.000107473
0.000120835 -1.44449e-10 -0.00024031 -0.000468162 -0.000448958 -3.25952e-11 0.000787946 0.00144204 0.0012991 -6.74587e-10 -0.00201209 -0.00345928 -0.00292757 6.65387e-10 0.00400152 0.00646278 0.00513805 7.4395e-11 -0.00619767 -0.00940329 -0.00702288 -4.79058e-10 0.00747582 0.0106553 0.00747582 -4.79058e-10 -0.00702288 -0.00940329 -0.00619767 7.4395e-11 0.00513805 0.00646278 0.00400152 6.65387e-10 -0.00292757 -0.00345928 -0.00201209 -6.74587e-10 0.0012991 0.00144204 0.000787946 -3.25952e-11 -0.000448958 -0.000468162 -0.00024031 -1.44449e-10 0.000120835
0.000133753 -1.5989e-10 -0.000265999 -0.000518208 -0.000496951 -3.60797e-11 0.000872176 0.00159619 0.00143798 -7.467e-10 -0.00222718 -0.00382907 -0.00324053 7.36517e-10 0.00442928 0.00715365 0.0056873 8.23478e-11 -0.0068602 -0.0104085 -0.00777362 -5.30269e-10 0.00827498 0.0117944 0.00827498 -5.30269e-10 -0.00777362 -0.0104085 -0.0068602 8.23478e-11 0.0056873 0.00715365 0.00442928 7.36517e-10 -0.00324053 -0.00382907 -0.00222718 -7.467e-10 0.00143798 0.00159619 0.000872176 -3.60797e-11 -0.000496951 -0.000518208 -0.000265999 -1.5989e-10 0.000133753
0.000145755 -1.74238e-10 -0.000289869 -0.000564712 -0.000541547 -3.93174e-11 0.000950444 0.00173943 0.00156702 -8.13708e-10 -0.00242704 -0.00417269 -0.00353133 8.0261e-10 0.00482675 0.0077956 0.00619767 8.97375e-11 -0.00747582 -0.0113425 -0.00847121 -5.77854e-10 0.00901756 0.0128528 0.00901756 -5.77854e-10 -0.00847121 -0.0113425 -0.00747582 8.97375e-11 0.00619767 0.0077956 0.00482675 8.0261e-10 -0.00353133 -0.00417269 -0.00242704 -8.13708e-10 0.00156702 0.00173943 0.000950444 -3.93174e-11 -0.000541547 -0.000564712 -0.000289869 -1.74238e-10 0.000145755
0.000156373 -1.8693e-10 -0.000310984 -0.000605847 -0.000580995 -4.21814e-11 0.00101968 0.00186614 0.00168116 -8.72981e-10 -0.00260384 -0.00447664 -0.00378856 8.61075e-10 0.00517835 0.00836346 0.00664913 9.62743e-11 -0.00802038 -0.0121688 -0.00908828 -6.19947e-10 0.00967443 0.013789 0.00967443 -6.19947e-10 -0.00908828 -0.0121688 -0.00802038 9.62743e-11 0.00664913 0.00836346 0.00517835 8.61075e-10 -0.00378856 -0.00447664 -0.00260384 -8.72981e-10 0.00168116 0.00186614 0.00101968 -4.21814e-11 -0.000580995 -0.000605847 -0.000310984 -1.8693e-10 0.000156373
0.000165162 -1.97438e-10 -0.000328465 -0.000639902 -0.000613653 -4.45524e-11 0.00107699 0.00197104 0.00177566 -9.22052e-10 -0.0027502 -0.00472827 -0.00400152 9.09477e-10 0.00546943 0.00883357 0.00702288 1.01686e-10 -0.00847121 -0.0128528 -0.00959914 -6.54795e-10 0.0102182 0.0145641 0.0102182 -6.54795e-10 -0.00959914 -0.0128528 -0.00847121 1.01686e-10 0.00702288 0.00883357 0.00546943 9.09477e-10 -0.00400152 -0.00472827 -0.0027502 -9.22052e-10 0.00177566 0.00197104 0.00107699 -4.45524e-11 -0.000613653 -0.000639902 -0.000328465 -1.97438e-10 0.000165162
0.000171742 -2.05303e-10 -0.000341549 -0.000665393 -0.000638098 -4.63272e-11 0.0011199 0.00204955 0.0018464 -9.58782e-10 -0.00285975 -0.00491662 -0.00416092 9.45706e-10 0.0056873 0.00918546 0.00730264 1.05737e-10 -0.00880867 -0.0133648 -0.00998153 -6.80879e-10 0.0106253 0.0151443 0.0106253 -6.80879e-10 -0.00998153 -0.0133648 -0.00880867 1.05737e-10 0.00730264 0.00918546 0.0056873 9.45706e-10 -0.00416092 -0.00491662 -0.00285975 -9.58782e-10 0.0018464 0.00204955 0.0011199 -4.63272e-11 -0.000638098 -0.000665393 -0.000341549 -2.05303e-10 0.000171742
0.000175814 -2.10171e-10 -0.000349649 -0.000681172 -0.00065323 -4.74258e-11 0.00114645 0.00209816 0.00189018 -9.81519e-10 -0.00292757 -0.00503322 -0.00425959 9.68133e-10 0.00582217 0.00940329 0.00747582 1.08244e-10 -0.00901756 -0.0136817 -0.0102182 -6.97025e-10 0.0108773 0.0155034 0.0108773 -6.97025e-10 -0.0102182 -0.0136817 -0.00901756 1.08244e-10 0.00747582 0.00940329 0.00582217 9.68133e-10 -0.00425959 -0.00503322 -0.00292757 -9.81519e-10 0.00189018 0.00209816 0.00114645 -4.74258e-11 -0.00065323 -0.000681172 -0.000349649 -2.10171e-10 0.000175814
0.000177193 -2.1182e-10 -0.000352391 -0.000686515 -0.000658353 -4.77978e-11 0.00115545 0.00211461 0.00190501 -9.89217e-10 -0.00295053 -0.00507269 -0.004293 9.75726e-10 0.00586784 0.00947704 0.00753445 1.09093e-10 -0.00908828 -0.013789 -0.0102984 -7.02492e-10 0.0109626 0.015625 0.0109626 -7.02492e-10 -0.0102984 -0.013789 -0.00908828 1.09093e-10 0.00753445 0.00947704 0.00586784 9.75726e-10 -0.004293 -0.00507269 -0.00295053 -9.89217e-10 0.00190501 0.00211461 0.00115545 -4.77978e-11 -0.000658353 -0.000686515 -0.000352391 -2.1182e-10 0.000177193
0.000175814 -2.10171e-10 -0.000349649 -0.000681172 -0.00065323 -4.74258e-11 0.00114645 0.00209816 0.00189018 -9.81519e-10 -0.00292757 -0.00503322 -0.00425959 9.68133e-10 0.00582217 0.00940329 0.00747582 1.08244e-10 -0.00901756 -0.0136817 -0.0102182 -6.97025e-10 0.0108773 0.0155034 0.0108773 -6.97025e-10 -0.0102182 -0.0136817 -0.00901756 1.08244e-10 0.00747582 0.00940329 0.00582217 9.68133e-10 -0.00425959 -0.00503322 -0.00292757 -9.81519e-10 0.00189018 0.00209816 0.00114645 -4.74258e-11 -0.00065323 -0.000681172 -0.000349649 -2.10171e-10 0.000175814
0.000171742 -2.05303e-10 -0.000341549 -0.000665393 -0.000638098 -4.63272e-11 0.0011199 0.00204955 0.0018464 -9.58782e-10 -0.00285975 -0.00491662 -0.00416092 9.45706e-10 0.0056873 0.00918546 0.00730264 1.05737e-10 -0.00880867 -0.0133648 -0.00998153 -6.80879e-10 0.0106253 0.0151443 0.0106253 -6.80879e-10 -0.00998153 -0.0133648 -0.00880867 1.05737e-10 0.00730264 0.00918546 0.0056873 9.45706e-10 -0.00416092 -0.00491662 -0.00285975 -9.58782e-10 0.0018464 0.00204955 0.0011199 -4.63272e-11 -0.000638098 -0.000665393 -0.000341549 -2.05303e-10 0.000171742
0.000165162 -1.97438e-10 -0.000328465 -0.000639902 -0.000613653 -4.45524e-11 0.00107699 0.00197104 0.00177566 -9.22052e-10 -0.0027502 -0.00472827 -0.00400152 9.09477e-10 0.00546943 0.00883357 0.00702288 1.01686e-10 -0.00847121 -0.0128528 -0.00959914 -6.54795e-10 0.0102182 0.0145641 0.0102182 -6.54795e-10 -0.00959914 -0.0128528 -0.00847121 1.01686e-10 0.00702288 0.00883357 0.00546943 9.09477e-10 -0.00400152 -0.00472827 -0.0027502 -9.22052e-10 0.00177566 0.00197104 0.00107699 -4.45524e-11 -0.000613653 -0.000639902 -0.000328465 -1.97438e-10 0.000165162
0.000156373 -1.8693e-10 -0.000310984 -0.000605847 -0.000580995 -4.21814e-11 0.00101968 0.00186614 0.00168116 -8.72981e-10 -0.00260384 -0.00447664 -0.00378856 8.61075e-10 0.00517835 0.00836346 0.00664913 9.62743e-11 -0.00802038 -0.0121688 -0.00908828 -6.19947e-10 0.00967443 0.013789 0.00967443 -6.19947e-10 -0.00908828 -0.0121688 -0.00802038 9.62743e-11 0.00664913 0.00836346 0.00517835 8.61075e-10 -0.00378856 -0.00447664 -0.00260384 -8.72981e-10 0.00168116 0.00186614 0.00101968 -4.21814e-11 -0.000580995 -0.000605847 -0.000310984 -1.8693e-10 0.000156373
0.000145755 -1.74238e-10 -0.000289869 -0.000564712 -0.000541547 -3.93174e-11 0.000950444 0.00173943 0.00156702 -8.13708e-10 -0.00242704 -0.00417269 -0.00353133 8.0261e-10 0.00482675 0.0077956 0.00619767 8.97375e-11 -0.00747582 -0.0113425 -0.00847121 -5.77854e-10 0.00901756 0.0128528 0.00901756 -5.77854e-10 -0.00847121 -0.0113425 -0.00747582 8.97375e-11 0.00619767 0.0077956 0.00482675 8.0261e-10 -0.00353133 -0.00417269 -0.00242704 -8.13708e-10 0.00156702 0.00173943 0.000950444 -3.93174e-11 -0.000541547 -0.000564712 -0.000289869 -1.74238e-10 0.000145755
0.000133753 -1.5989e-10 -0.000265999 -0.000518208 -0.000496951 -3.60797e-11 0.000872176 0.00159619 0.00143798 -7.467e-10 -0.00222718 -0.00382907 -0.00324053 7.36517e-10 0.00442928 0.00715365 0.0056873 8.23478e-11 -0.0068602 -0.0104085 -0.00777362 -5.30269e-10 0.00827498 0.0117944 0.00827498 -5.30269e-10 -0.00777362 -0.0104085 -0.0068602 8.23478e-11 0.0056873 0.00715365 0.00442928 7.36517e-10 -0.00324053 -0.00382907 -0.00222718 -7.467e-10 0.00143798 0.00159619 0.000872176 -3.60797e-11 -0.000496951 -0.000518208 -0.000265999 -1.5989e-10 0.000133753
0.000120835 -1.44449e-10 -0.00024031 -0.000468162 -0.000448958 -3.25952e-11 0.000787946 0.00144204 0.0012991 -6.74587e-10 -0.00201209 -0.00345928 -0.00292757 6.65387e-10 0.00400152 0.00646278 0.00513805 7.4395e-11 -0.00619767 -0.00940329 -0.00702288 -4.79058e-10 0.00747582 0.0106553 0.00747582 -4.79058e-10 -0.00702288 -0.00940329 -0.00619767 7.4395e-11 0.00513805 0.00646278 0.00400152 6.65387e-10 -0.00292757 -0.00345928 -0.00201209 -6.74587e-10 0.0012991 0.00144204 0.000787946 -3.25952e-11 -0.000448958 -0.000468162 -0.00024031 -1.44449e-10 0.000120835
0.000107473 -1.28475e-10 -0.000213736 -0.000416392 -0.000399311 -2.89908e-11 0.000700813 0.00128258 0.00115545 -5.99991e-10 -0.00178959 -0.00307674 -0.00260384 5.91808e-10 0.00355902 0.00574812 0.00456988 6.61683e-11 -0.00551232 -0.00836346 -0.00624628 -4.26083e-10 0.00664913 0.00947704 0.00664913 -4.26083e-10 -0.00624628 -0.00836346 -0.00551232 6.61683e-11 0.00456988 0.00574812 0.00355902 5.91808e-10 -0.00260384 -0.00307674 -0.00178959 -5.99991e-10 0.00115545 0.00128258 0.000700813 -2.89908e-11 -0.000399311 -0.000416392 -0.000213736 -1.28475e-10 0.000107473
9.41066e-05 -1.12497e-10 -0.000187154 -0.000364605 -0.000349649 -2.53852e-11 0.000613653 0.00112306 0.00101174 -5.25369e-10 -0.00156702 -0.00269409 -0.00228 5.18204e-10 0.00311638 0.00503322 0.00400152 5.79389e-11 -0.00482675 -0.00732329 -0.00546943 -3.73091e-10 0.00582217 0.00829837 0.00582217 -3.73091e-10 -0.00546943 -0.00732329 -0.00482675 5.79389e-11 0.00400152 0.00503322 0.00311638 5.18204e-10 -0.00228 -0.00269409 -0.00156702 -5.25369e-10 0.00101174 0.00112306 0.000613653 -2.53852e-11 -0.000349649 -0.000364605 -0.000187154 -1.12497e-10 9.41066e-05
8.1125e-05 -9.69782e-11 -0.000161337 -0.000314309 -0.000301416 -2.18834e-11 0.000529002 0.000968141 0.000872176 -4.52897e-10 -0.00135085 -0.00232245 -0.00196548 4.4672e-10 0.00268649 0.00433891 0.00344952 4.99465e-11 -0.00416092 -0.00631307 -0.00471494 -3.21624e-10 0.00501903 0.00715365 0.00501903 -3.21624e-10 -0.00471494 -0.00631307 -0.00416092 4.99465e-11 0.00344952 0.00433891 0.00268649 4.4672e-10 -0.00196548 -0.00232245 -0.00135085 -4.52897e-10 0.000872176 0.000968141 0.000529002 -2.18834e-11 -0.000301416 -0.000314309 -0.000161337 -9.69782e-11 8.1125e-05
6.88499e-05 -8.23043e-11 -0.000136925 -0.000266751 -0.000255809 -1.85722e-11 0.000448958 0.00082165 0.000740206 -3.84368e-10 -0.00114645 -0.00197104 -0.00166808 3.79126e-10 0.00228 0.00368238 0.00292757 4.2389e-11 -0.00353133 -0.00535783 -0.00400152 -2.72959e-10 0.00425959 0.00607122 0.00425959 -2.72959e-10 -0.00400152 -0.00535783 -0.00353133 4.2389e-11 0.00292757 0.00368238 0.00228 3.79126e-10 -0.00166808 -0.00197104 -0.00114645 -3.84368e-10 0.000740206 0.00082165 0.000448958 -1.85722e-11 -0.000255809 -0.000266751 -0.000136925 -8.23043e-11 6.88499e-05
5.75262e-05 -6.87678e-11 -0.000114405 -0.000222879 -0.000213736 -1.55177e-11 0.000375118 0.000686515 0.000618466 -3.21152e-10 -0.000957898 -0.00164686 -0.00139373 3.16772e-10 0.00190501 0.00307674 0.00244608 3.54173e-11 -0.00295053 -0.00447664 -0.00334339 -2.28066e-10 0.00355902 0.00507269 0.00355902 -2.28066e-10 -0.00334339 -0.00447664 -0.00295053 3.54173e-11 0.00244608 0.00307674 0.00190501 3.16772e-10 -0.00139373 -0.00164686 -0.000957898 -3.21152e-10 0.000618466 0.000686515 0.000375118 -1.55177e-11 -0.000213736 -0.000222879 -0.000114405 -6.87678e-11 5.75262e-05
4.73198e-05 -5.65669e-11 -9.41068e-05 -0.000183335 -0.000175814 -1.27645e-11 0.000308564 0.000564712 0.000508736 -2.64172e-10 -0.000787945 -0.00135467 -0.00114645 2.60569e-10 0.00156702 0.00253086 0.00201209 2.91335e-11 -0.00242704 -0.00368238 -0.0027502 -1.87602e-10 0.00292757 0.00417269 0.00292757 -1.87602e-10 -0.0027502 -0.00368238 -0.00242704 2.91335e-11 0.00201209 0.00253086 0.00156702 2.60569e-10 -0.00114645 -0.00135467 -0.000787945 -2.64172e-10 0.000508736 0.000564712 0.000308564 -1.27645e-11 -0.000175814 -0.000183335 -9.41068e-05 -5.65669e-11 4.73198e-05
3.83207e-05 -4.58092e-11 -7.621e-05 -0.000148469 -0.000142379 -1.0337e-11 0.000249883 0.000457317 0.000411987 -2.13933e-10 -0.000638097 -0.00109705 -0.000928426 2.11016e-10 0.00126901 0.00204955 0.00162944 2.3593e-11 -0.00196548 -0.00298208 -0.00222718 -1.51925e-10 0.00237082 0.00337914 0.00237082 -1.51925e-10 -0.00222718 -0.00298208 -0.00196548 2.3593e-11 0.00162944 0.00204955 0.00126901 2.11016e-10 -0.000928426 -0.00109705 -0.000638097 -2.13933e-10 0.000411987 0.000457317 0.000249883 -1.0337e-11 -0.000142379 -0.000148469 -7.621e-05 -4.58092e-11 3.83207e-05
3.0552e-05 -3.65223e-11 -6.07599e-05 -0.00011837 -0.000113514 -8.24137e-12 0.000199224 0.000364605 0.000328465 -1.70562e-10 -0.000508736 -0.000874642 -0.000740206 1.68236e-10 0.00101174 0.00163405 0.0012991 1.881e-11 -0.00156702 -0.00237752 -0.00177566 -1.21125e-10 0.00189018 0.00269409 0.00189018 -1.21125e-10 -0.00177566 -0.00237752 -0.00156702 1.881e-11 0.0012991 0.00163405 0.00101174 1.68236e-10 -0.000740206 -0.000874642 -0.000508736 -1.70562e-10 0.000328465 0.000364605 0.000199224 -8.24137e-12 -0.000113514 -0.00011837 -6.07599e-05 -3.65223e-11 3.0552e-05
2.39805e-05 -2.86667e-11 -4.7691e-05 -9.29096e-05 -8.90984e-05 -6.46872e-12 0.000156373 0.000286182 0.000257815 -1.33876e-10 -0.000399311 -0.000686515 -0.000580994 1.3205e-10 0.000794125 0.00128258 0.00101968 1.47641e-11 -0.00122997 -0.00186614 -0.00139373 -9.5072e-11 0.00148362 0.00211461 0.00148362 -9.5072e-11 -0.00139373 -0.00186614 -0.00122997 1.47641e-11 0.00101968 0.00128258 0.000794125 1.3205e-10 -0.000580994 -0.000686515 -0.000399311 -1.33876e-10 0.000257815 0.000286182 0.000156373 -6.46872e-12 -8.90984e-05 -9.29096e-05 -4.7691e-05 -2.86667e-11 2.39805e-05
1.85307e-05 -2.21519e-11 -3.68527e-05 -7.1795e-05 -6.88499e-05 -4.99864e-12 0.000120835 0.000221144 0.000199224 -1.03451e-10 -0.000308564 -0.000530497 -0.000448958 1.0204e-10 0.000613653 0.0009911 0.000787945 1.14088e-11 -0.000950444 -0.00144204 -0.00107699 -7.34659e-11 0.00114645 0.00163405 0.00114645 -7.34659e-11 -0.00107699 -0.00144204 -0.000950444 1.14088e-11 0.000787945 0.0009911 0.000613653 1.0204e-10 -0.000448958 -0.000530497 -0.000308564 -1.03451e-10 0.000199224 0.000221144 0.000120835 -4.99864e-12 -6.88499e-05 -7.1795e-05 -3.68527e-05 -2.21519e-11 1.85307e-05
1.40974e-05 -1.68523e-11 -2.80361e-05 -5.46188e-05 -5.23783e-05 -3.80277e-12 9.19267e-05 0.000168238 0.000151562 -7.87016e-11 -0.000234743 -0.000403581 -0.000341549 7.76283e-11 0.000466842 0.000753989 0.000599437 8.67939e-12 -0.000723059 -0.00109705 -0.000819334 -5.58899e-11 0.000872176 0.00124312 0.000872176 -5.58899e-11 -0.000819334 -0.00109705 -0.000723059 8.67939e-12 0.000599437 0.000753989 0.000466842 7.76283e-11 -0.000341549 -0.000403581 -0.000234743 -7.87016e-11 0.000151562 0.000168238 9.19267e-05 -3.80277e-12 -5.23783e-05 -5.46188e-05 -2.80361e-05 -1.68523e-11 1.40974e-05
1.05585e-05 -1.26218e-11 -2.09981e-05 -4.09076e-05 -3.92295e-05 -2.84814e-12 6.88499e-05 0.000126004 0.000113514 -5.89448e-11 -0.000175814 -0.000302268 -0.000255808 5.81409e-11 0.000349649 0.000564712 0.000448958 6.50057e-12 -0.000541546 -0.00082165 -0.000613653 -4.18596e-11 0.00065323 0.000931052 0.00065323 -4.18596e-11 -0.000613653 -0.00082165 -0.000541546 6.50057e-12 0.000448958 0.000564712 0.000349649 5.81409e-11 -0.000255808 -0.000302268 -0.000175814 -5.89448e-11 0.000113514 0.000126004 6.88499e-05 -2.84814e-12 -3.92295e-05 -4.09076e-05 -2.09981e-05 -1.26218e-11 1.05585e-05
7.78533e-06 -9.30671e-12 -1.5483e-05 -3.01633e-05 -2.8926e-05 -2.10009e-12 5.07668e-05 9.29096e-05 8.37002e-05 -4.34632e-11 -0.000129637 -0.000222879 -0.000188621 4.28704e-11 0.000257815 0.000416392 0.000331041 4.79322e-12 -0.000399311 -0.000605847 -0.000452479 -3.08654e-11 0.000481661 0.000686515 0.000481661 -3.08654e-11 -0.000452479 -0.000605847 -0.000399311 4.79322e-12 0.000331041 0.000416392 0.000257815 4.28704e-11 -0.000188621 -0.000222879 -0.000129637 -4.34632e-11 8.37002e-05 9.29096e-05 5.07668e-05 -2.10009e-12 -2.8926e-05 -3.01633e-05 -1.5483e-05 -9.30671e-12 7.78533e-06
5.65154e-06 -6.75595e-12 -1.12394e-05 -2.18962e-05 -2.0998e-05 -1.5245e-12 3.68527e-05 6.74452e-05 6.07598e-05 -3.15509e-11 -9.41066e-05 -0.000161793 -0.000136924 3.11206e-11 0.000187153 0.000302268 0.00024031 3.4795e-12 -0.000289869 -0.000439798 -0.000328465 -2.24058e-11 0.000349649 0.000498356 0.000349649 -2.24058e-11 -0.000328465 -0.000439798 -0.000289869 3.4795e-12 0.00024031 0.000302268 0.000187153 3.11206e-11 -0.000136924 -0.000161793 -9.41066e-05 -3.15509e-11 6.07598e-05 6.74452e-05 3.68527e-05 -1.5245e-12 -2.0998e-05 -2.18962e-05 -1.12394e-05 -6.75595e-12 5.65154e-06
4.03898e-06 -4.82826e-12 -8.03247e-06 -1.56485e-05 -1.50066e-05 -1.08951e-12 2.63374e-05 4.82009e-05 4.34231e-05 -2.25484e-11 -6.7255e-05 -0.000115628 -9.78554e-05 2.22409e-11 0.000133753 0.000216021 0.000171742 2.48669e-12 -0.00020716 -0.000314309 -0.000234743 -1.60127e-11 0.000249883 0.000356159 0.000249883 -1.60127e-11 -0.000234743 -0.000314309 -0.00020716 2.48669e-12 0.000171742 0.000216021 0.000133753 2.22409e-11 -9.78554e-05 -0.000115628 -6.7255e-05 -2.25484e-11 4.34231e-05 4.82009e-05 2.63374e-05 -1.08951e-12 -1.50066e-05 -1.56485e-05 -8.03247e-06 -4.82826e-12 4.03898e-06
2.84177e-06 -3.3971e-12 -5.65155e-06 -1.10101e-05 -1.05585e-05 -7.66567e-13 1.85307e-05 3.39136e-05 3.0552e-05 -1.58648e-11 -4.73198e-05 -8.13544e-05 -6.88499e-05 1.56484e-11 9.41067e-05 0.00015199 0.000120835 1.7496e-12 -0.000145755 -0.000221144 -0.000165162 -1.12664e-11 0.000175814 0.000250589 0.000175814 -1.12664e-11 -0.000165162 -0.000221144 -0.000145755 1.7496e-12 0.000120835 0.00015199 9.41067e-05 1.56484e-11 -6.88499e-05 -8.13544e-05 -4.73198e-05 -1.58648e-11 3.0552e-05 3.39136e-05 1.85307e-05 -7.66567e-13 -1.05585e-05 -1.10101e-05 -5.65155e-06 -3.3971e-12 2.84177e-06

