4.95929e-06 -9.85843e-06 -2.64369e-05 -1.21487e-05 4.36322e-05 8.1221e-05 1.33653e-05 -0.00013577 -0.000180707 2.09891e-05 0.000302721 0.0002887 -0.000118685 -0.000488276 -0.000325676 0.000250198 0.000572364 0.000250198 -0.000325676 -0.000488276 -0.000118685 0.0002887 0.000302721 2.09891e-05 -0.000180707 -0.00013577 1.33653e-05 8.1221e-05 4.36322e-05 -1.21487e-05 -2.64369e-05 -9.85843e-06 4.95929e-06
8.04973e-06 -1.60018e-05 -4.29113e-05 -1.97193e-05 7.0822e-05 0.000131835 2.16939e-05 -0.000220376 -0.000293316 3.40686e-05 0.000491365 0.000468606 -0.000192645 -0.00079255 -0.000528625 0.000406112 0.000929038 0.000406112 -0.000528625 -0.00079255 -0.000192645 0.000468606 0.000491365 3.40686e-05 -0.000293316 -0.000220376 2.16939e-05 0.000131835 7.0822e-05 -1.97193e-05 -4.29113e-05 -1.60018e-05 8.04973e-06
1.2664e-05 -2.51744e-05 -6.7509e-05 -3.10228e-05 0.000111419 0.000207405 3.41294e-05 -0.0003467 -0.000461451 5.35975e-05 0.000773025 0.00073722 -0.000303073 -0.00124686 -0.000831644 0.000638904 0.00146158 0.000638904 -0.000831644 -0.00124686 -0.000303073 0.00073722 0.000773025 5.35975e-05 -0.000461451 -0.0003467 3.41294e-05 0.000207405 0.000111419 -3.10228e-05 -6.7509e-05 -2.51744e-05 1.2664e-05
1.93103e-05 -3.83863e-05 -0.000102939 -4.73042e-05 0.000169893 0.000316255 5.20411e-05 -0.000528654 -0.000703629 8.17264e-05 0.00117872 0.00112413 -0.000462132 -0.00190123 -0.00126811 0.000974213 0.00222865 0.000974213 -0.00126811 -0.00190123 -0.000462132 0.00112413 0.00117872 8.17264e-05 -0.000703629 -0.000528654 5.20411e-05 0.000316255 0.000169893 -4.73042e-05 -0.000102939 -3.83863e-05 1.93103e-05
2.85388e-05 -5.67313e-05 -0.000152134 -6.9911e-05 0.000251086 0.000467395 7.69117e-05 -0.0007813 -0.0010399 0.000120784 0.00174204 0.00166135 -0.000682986 -0.00280983 -0.00187414 0.00143979 0.00329373 0.00143979 -0.00187414 -0.00280983 -0.000682986 0.00166135 0.00174204 0.000120784 -0.0010399 -0.0007813 7.69117e-05 0.000467395 0.000251086 -6.9911e-05 -0.000152134 -5.67313e-05 2.85388e-05
4.08799e-05 -8.12639e-05 -0.000217922 -0.000100143 0.000359664 0.000669512 0.000110171 -0.00111916 -0.00148958 0.000173015 0.00249536 0.00237978 -0.000978333 -0.0040249 -0.00268458 0.00206241 0.00471804 0.00206241 -0.00268458 -0.0040249 -0.000978333 0.00237978 0.00249536 0.000173015 -0.00148958 -0.00111916 0.000110171 0.000669512 0.000359664 -0.000100143 -0.000217922 -8.12639e-05 4.08799e-05
5.67561e-05 -0.000112824 -0.000302554 -0.000139035 0.000499344 0.000929525 0.000152957 -0.0015538 -0.00206808 0.000240207 0.00346446 0.00330399 -0.00135828 -0.00558802 -0.00372717 0.00286337 0.00655036 0.00286337 -0.00372717 -0.00558802 -0.00135828 0.00330399 0.00346446 0.000240207 -0.00206808 -0.0015538 0.000152957 0.000929525 0.000499344 -0.000139035 -0.000302554 -0.000112824 5.67561e-05
7.63737e-05 -0.000151821 -0.000407131 -0.000187092 0.000671941 0.00125081 0.000205826 -0.00209087 -0.0027829 0.000323234 0.00466194 0.00444601 -0.00182777 -0.0075195 -0.00501545 0.00385309 0.00881447 0.00385309 -0.00501545 -0.0075195 -0.00182777 0.00444601 0.00466194 0.000323234 -0.0027829 -0.00209087 0.000205826 0.00125081 0.000671941 -0.000187092 -0.000407131 -0.000151821 7.63737e-05
9.96101e-05 -0.000198012 -0.000530999 -0.000244013 0.000876376 0.00163137 0.000268448 -0.00272701 -0.00362959 0.000421577 0.00608031 0.00579869 -0.00238386 -0.00980728 -0.00654138 0.00502537 0.0114962 0.00502537 -0.00654138 -0.00980728 -0.00238386 0.00579869 0.00608031 0.000421577 -0.00362959 -0.00272701 0.000268448 0.00163137 0.000876376 -0.000244013 -0.000530999 -0.000198012 9.96101e-05
0.000125919 -0.00025031 -0.000671246 -0.000308462 0.00110784 0.00206224 0.00033935 -0.00344726 -0.00458823 0.000532923 0.00768624 0.00733023 -0.00301348 -0.0123976 -0.00826908 0.00635266 0.0145326 0.00635266 -0.00826908 -0.0123976 -0.00301348 0.00733023 0.00768624 0.000532923 -0.00458823 -0.00344726 0.00033935 0.00206224 0.00110784 -0.000308462 -0.000671246 -0.00025031 0.000125919
0.000154279 -0.000306687 -0.000822428 -0.000377935 0.00135736 0.00252671 0.000415781 -0.00422367 -0.00562162 0.000652951 0.00941737 0.00898118 -0.00369219 -0.0151898 -0.0101315 0.00778345 0.0178057 0.00778345 -0.0101315 -0.0151898 -0.00369219 0.00898118 0.00941737 0.000652951 -0.00562162 -0.00422367 0.000415781 0.00252671 0.00135736 -0.000377935 -0.000822428 -0.000306687 0.000154279
0.000183211 -0.000364199 -0.000976657 -0.000448809 0.0016119 0.00300054 0.000493752 -0.00501573 -0.00667584 0.000775398 0.0111834 0.0106654 -0.00438458 -0.0180383 -0.0120314 0.00924307 0.0211448 0.00924307 -0.0120314 -0.0180383 -0.00438458 0.0106654 0.0111834 0.000775398 -0.00667584 -0.00501573 0.000493752 0.00300054 0.0016119 -0.000448809 -0.000976657 -0.000364199 0.000183211
0.000210875 -0.000419191 -0.00112413 -0.000516576 0.00185529 0.0034536 0.000568305 -0.00577307 -0.00768385 0.000892478 0.012872 0.0122758 -0.00504662 -0.020762 -0.0138481 0.0106387 0.0243375 0.0106387 -0.0138481 -0.020762 -0.00504662 0.0122758 0.012872 0.000892478 -0.00768385 -0.00577307 0.000568305 0.0034536 0.00185529 -0.000516576 -0.00112413 -0.000419191 0.000210875
0.000235248 -0.000467641 -0.00125405 -0.000576283 0.00206972 0.00385277 0.00063399 -0.00644033 -0.00857195 0.000995631 0.0143598 0.0136947 -0.00562992 -0.0231617 -0.0154487 0.0118683 0.0271505 0.0118683 -0.0154487 -0.0231617 -0.00562992 0.0136947 0.0143598 0.000995631 -0.00857195 -0.00644033 0.00063399 0.00385277 0.00206972 -0.000576283 -0.00125405 -0.000467641 0.000235248
0.000254363 -0.000505641 -0.00135595 -0.00062311 0.0022379 0.00416584 0.000685507 -0.00696365 -0.00926849 0.00107653 0.0155266 0.0148075 -0.00608739 -0.0250438 -0.016704 0.0128327 0.0293567 0.0128327 -0.016704 -0.0250438 -0.00608739 0.0148075 0.0155266 0.00107653 -0.00926849 -0.00696365 0.000685507 0.00416584 0.0022379 -0.00062311 -0.00135595 -0.000505641 0.000254363
0.00026657 -0.000529907 -0.00142103 -0.000653014 0.0023453 0.00436577 0.000718405 -0.00729785 -0.00971329 0.0011282 0.0162718 0.0155181 -0.00637953 -0.0262456 -0.0175057 0.0134486 0.0307655 0.0134486 -0.0175057 -0.0262456 -0.00637953 0.0155181 0.0162718 0.0011282 -0.00971329 -0.00729785 0.000718405 0.00436577 0.0023453 -0.000653014 -0.00142103 -0.000529907 0.00026657
0.000270768 -0.000538252 -0.00144341 -0.000663297 0.00238224 0.00443452 0.000729718 -0.00741277 -0.00986625 0.00114596 0.016528 0.0157625 -0.00647999 -0.026659 -0.0177813 0.0136604 0.03125 0.0136604 -0.0177813 -0.026659 -0.00647999 0.0157625 0.016528 0.00114596 -0.00986625 -0.00741277 0.000729718 0.00443452 0.00238224 -0.000663297 -0.00144341 -0.000538252 0.000270768
0.00026657 -0.000529907 -0.00142103 -0.000653014 0.0023453 0.00436577 0.000718405 -0.00729785 -0.00971329 0.0011282 0.0162718 0.0155181 -0.00637953 -0.0262456 -0.0175057 0.0134486 0.0307655 0.0134486 -0.0175057 -0.0262456 -0.00637953 0.0155181 0.0162718 0.0011282 -0.00971329 -0.00729785 0.000718405 0.00436577 0.0023453 -0.000653014 -0.00142103 -0.000529907 0.00026657
0.000254363 -0.000505641 -0.00135595 -0.00062311 0.0022379 0.00416584 0.000685507 -0.00696365 -0.00926849 0.00107653 0.0155266 0.0148075 -0.00608739 -0.0250438 -0.016704 0.0128327 0.0293567 0.0128327 -0.016704 -0.0250438 -0.00608739 0.0148075 0.0155266 0.00107653 -0.00926849 -0.00696365 0.000685507 0.00416584 0.0022379 -0.00062311 -0.00135595 -0.000505641 0.000254363
0.000235248 -0.000467641 -0.00125405 -0.000576283 0.00206972 0.00385277 0.00063399 -0.00644033 -0.00857195 0.000995631 0.0143598 0.0136947 -0.00562992 -0.0231617 -0.0154487 0.0118683 0.0271505 0.0118683 -0.0154487 -0.0231617 -0.00562992 0.0136947 0.0143598 0.000995631 -0.00857195 -0.00644033 0.00063399 0.00385277 0.00206972 -0.000576283 -0.00125405 -0.000467641 0.000235248
0.000210875 -0.000419191 -0.00112413 -0.000516576 0.00185529 0.0034536 0.000568305 -0.00577307 -0.00768385 0.000892478 0.012872 0.0122758 -0.00504662 -0.020762 -0.0138481 0.0106387 0.0243375 0.0106387 -0.0138481 -0.020762 -0.00504662 0.0122758 0.012872 0.000892478 -0.00768385 -0.00577307 0.000568305 0.0034536 0.00185529 -0.000516576 -0.00112413 -0.000419191 0.000210875
0.000183211 -0.000364199 -0.000976657 -0.000448809 0.0016119 0.00300054 0.000493752 -0.00501573 -0.00667584 0.000775398 0.0111834 0.0106654 -0.00438458 -0.0180383 -0.0120314 0.00924307 0.0211448 0.00924307 -0.0120314 -0.0180383 -0.00438458 0.0106654 0.0111834 0.000775398 -0.00667584 -0.00501573 0.000493752 0.00300054 0.0016119 -0.000448809 -0.000976657 -0.000364199 0.000183211
0.000154279 -0.000306687 -0.000822428 -0.000377935 0.00135736 0.00252671 0.000415781 -0.00422367 -0.00562162 0.000652951 0.00941737 0.00898118 -0.00369219 -0.0151898 -0.0101315 0.00778345 0.0178057 0.00778345 -0.0101315 -0.0151898 -0.00369219 0.00898118 0.00941737 0.000652951 -0.00562162 -0.00422367 0.000415781 0.00252671 0.00135736 -0.000377935 -0.000822428 -0.000306687 0.000154279
0.000125919 -0.00025031 -0.000671246 -0.000308462 0.00110784 0.00206224 0.00033935 -0.00344726 -0.00458823 0.000532923 0.00768624 0.00733023 -0.00301348 -0.0123976 -0.00826908 0.00635266 0.0145326 0.00635266 -0.00826908 -0.0123976 -0.00301348 0.00733023 0.00768624 0.000532923 -0.00458823 -0.00344726 0.00033935 0.00206224 0.00110784 -0.000308462 -0.000671246 -0.00025031 0.000125919
9.96101e-05 -0.000198012 -0.000530999 -0.000244013 0.000876376 0.00163137 0.000268448 -0.00272701 -0.00362959 0.000421577 0.00608031 0.00579869 -0.00238386 -0.00980728 -0.00654138 0.00502537 0.0114962 0.00502537 -0.00654138 -0.00980728 -0.00238386 0.00579869 0.00608031 0.000421577 -0.00362959 -0.00272701 0.000268448 0.00163137 0.000876376 -0.000244013 -0.000530999 -0.000198012 9.96101e-05
7.63737e-05 -0.000151821 -0.000407131 -0.000187092 0.000671941 0.00125081 0.000205826 -0.00209087 -0.0027829 0.000323234 0.00466194 0.00444601 -0.00182777 -0.0075195 -0.00501545 0.00385309 0.00881447 0.00385309 -0.00501545 -0.0075195 -0.00182777 0.00444601 0.00466194 0.000323234 -0.0027829 -0.00209087 0.000205826 0.00125081 0.000671941 -0.000187092 -0.000407131 -0.000151821 7.63737e-05
5.67561e-05 -0.000112824 -0.000302554 -0.000139035 0.000499344 0.000929525 0.000152957 -0.0015538 -0.00206808 0.000240207 0.00346446 0.00330399 -0.00135828 -0.00558802 -0.00372717 0.00286337 0.00655036 0.00286337 -0.00372717 -0.00558802 -0.00135828 0.00330399 0.00346446 0.000240207 -0.00206808 -0.0015538 0.000152957 0.000929525 0.000499344 -0.000139035 -0.000302554 -0.000112824 5.67561e-05
4.08799e-05 -8.12639e-05 -0.000217922 -0.000100143 0.000359664 0.000669512 0.000110171 -0.00111916 -0.00148958 0.000173015 0.00249536 0.00237978 -0.000978333 -0.0040249 -0.00268458 0.00206241 0.00471804 0.00206241 -0.00268458 -0.0040249 -0.000978333 0.00237978 0.00249536 0.000173015 -0.00148958 -0.00111916 0.000110171 0.000669512 0.000359664 -0.000100143 -0.000217922 -8.12639e-05 4.08799e-05
2.85388e-05 -5.67313e-05 -0.000152134 -6.9911e-05 0.000251086 0.000467395 7.69117e-05 -0.0007813 -0.0010399 0.000120784 0.00174204 0.00166135 -0.000682986 -0.00280983 -0.00187414 0.00143979 0.00329373 0.00143979 -0.00187414 -0.00280983 -0.000682986 0.00166135 0.00174204 0.000120784 -0.0010399 -0.0007813 7.69117e-05 0.000467395 0.000251086 -6.9911e-05 -0.000152134 -5.67313e-05 2.85388e-05
1.93103e-05 -3.83863e-05 -0.000102939 -4.73042e-05 0.000169893 0.000316255 5.20411e-05 -0.000528654 -0.000703629 8.17264e-05 0.00117872 0.00112413 -0.000462132 -0.00190123 -0.00126811 0.000974213 0.00222865 0.000974213 -0.00126811 -0.00190123 -0.000462132 0.00112413 0.00117872 8.17264e-05 -0.000703629 -0.000528654 5.20411e-05 0.000316255 0.000169893 -4.73042e-05 -0.000102939 -3.83863e-05 1.93103e-05
1.2664e-05 -2.51744e-05 -6.7509e-05 -3.10228e-05 0.000111419 0.000207405 3.41294e-05 -0.0003467 -0.000461451 5.35975e-05 0.000773025 0.00073722 -0.000303073 -0.00124686 -0.000831644 0.000638904 0.00146158 0.000638904 -0.000831644 -0.00124686 -0.000303073 0.00073722 0.000773025 5.35975e-05 -0.000461451 -0.0003467 3.41294e-05 0.000207405 0.000111419 -3.10228e-05 -6.7509e-05 -2.51744e-05 1.2664e-05
8.04973e-06 -1.60018e-05 -4.29113e-05 -1.97193e-05 7.0822e-05 0.000131835 2.16939e-05 -0.000220376 -0.000293316 3.40686e-05 0.000491365 0.000468606 -0.000192645 -0.00079255 -0.000528625 0.000406112 0.000929038 0.000406112 -0.000528625 -0.00079255 -0.000192645 0.000468606 0.000491365 3.40686e-05 -0.000293316 -0.000220376 2.16939e-05 0.000131835 7.0822e-05 -1.97193e-05 -4.29113e-05 -1.60018e-05 8.04973e-06
4.95929e-06 -9.85843e-06 -2.64369e-05 -1.21487e-05 4.36322e-05 8.1221e-05 1.33653e-05 -0.00013577 -0.000180707 2.09891e-05 0.000302721 0.0002887 -0.000118685 -0.000488276 -0.000325676 0.000250198 0.000572364 0.000250198 -0.000325676 -0.000488276 -0.000118685 0.0002887 0.000302721 2.09891e-05 -0.000180707 -0.00013577 1.33653e-05 8.1221e-05 4.36322e-05 -1.21487e-05 -2.64369e-05 -9.85843e-06 4.95929e-06

