(0.738928,0) (0.824859,-0.145445) (1.32872,-0.483614) (-6.32129,3.6496) (-0.543658,0.456183) (-0.196581,0.234276) (-0.0816309,0.141389) (-0.0304172,0.0835705) (-0.00692077,0.0392496) (-8.88178e-16,7.32921e-16) (-0.00692077,-0.0392496) (-0.0304172,-0.0835705) (-0.0816309,-0.141389) (-0.196581,-0.234276) (-0.543658,-0.456183) (-6.32129,-3.6496) (1.32872,0.483614) (0.824859,0.145445)
(0.824859,-0.145445) (0.799213,-0.29089) (1.08956,-0.629059) (-4.17609,3.50415) (-0.26074,0.310738) (-0.0512866,0.088831) (0.00147625,-0.00405597) (0.0109101,-0.0618743) (-1.66533e-16,-0.106195) (-0.0256459,-0.145445) (-0.0672233,-0.184694) (-0.132222,-0.229015) (-0.240682,-0.286834) (-0.452534,-0.379721) (-1.04205,-0.601628) (-10.4268,-3.79504) (1.91785,0.338169) (1.04832,0)
(1.32872,-0.483614) (1.08956,-0.629059) (1.1527,-0.967228) (-2.65658,3.16598) (0.0158374,-0.0274312) (0.0907517,-0.249338) (0.0603436,-0.342225) (-2.81025e-16,-0.400044) (-0.0783535,-0.444365) (-0.176021,-0.483614) (-0.301876,-0.522864) (-0.475925,-0.567185) (-0.74485,-0.625003) (-1.24342,-0.71789) (-2.58207,-0.939797) (-23.4406,-4.13321) (3.90682,-8.04912e-16) (1.91785,-0.338169)
(-6.32129,3.6496) (-4.17609,3.50415) (-2.65658,3.16598) (-4.21419,7.29919) (-1.49438,4.10578) (-0.684832,3.88387) (5.58147e-16,3.79099) (0.658258,3.73317) (1.34263,3.68885) (2.1071,3.6496) (3.02944,3.61035) (4.24983,3.56603) (6.07639,3.50821) (9.38352,3.41532) (18.1108,3.19341) (152.633,-7.84095e-16) (-23.4406,4.13321) (-10.4268,3.79504)
(-0.543658,0.456183) (-0.26074,0.310738) (0.0158374,-0.0274312) (-1.49438,4.10578) (-0.160875,0.912366) (-3.5429e-16,0.690459) (0.105368,0.597572) (0.196454,0.539754) (0.286038,0.495433) (0.382783,0.456183) (0.496882,0.416933) (0.645384,0.372612) (0.86489,0.314794) (1.2585,0.221907) (2.28968,-3.06911e-16) (18.1108,-3.19341) (-2.58207,0.939797) (-1.04205,0.601628)
(-0.196581,0.234276) (-0.0512866,0.088831) (0.0907517,-0.249338) (-0.684832,3.88387) (-2.85159e-16,0.690459) (0.0826183,0.468552) (0.136731,0.375665) (0.183509,0.317846) (0.229515,0.273526) (0.279199,0.234276) (0.337795,0.195026) (0.414059,0.150705) (0.526788,0.092887) (0.728928,1.21485e-16) (1.2585,-0.221907) (9.38352,-3.41532) (-1.24342,0.71789) (-0.452534,0.379721)
(-0.0816309,0.141389) (0.00147625,-0.00405597) (0.0603436,-0.342225) (-3.1251e-15,3.79099) (0.105368,0.597572) (0.136731,0.375665) (0.163262,0.282778) (0.188763,0.224959) (0.215277,0.180639) (0.244893,0.141389) (0.280625,0.102139) (0.327904,0.0578183) (0.398667,-1.85182e-16) (0.526788,-0.092887) (0.86489,-0.314794) (6.07639,-3.50821) (-0.74485,0.625003) (-0.240682,0.286834)
(-0.0304172,0.0835705) (0.0109101,-0.0618743) (4.47288e-16,-0.400044) (0.658258,3.73317) (0.196454,0.539754) (0.183509,0.317846) (0.188763,0.224959) (0.199191,0.167141) (0.212731,0.12282) (0.229608,0.0835705) (0.251356,0.0443209) (0.281433,-2.086e-16) (0.327904,-0.0578183) (0.414059,-0.150705) (0.645384,-0.372612) (4.24983,-3.56603) (-0.475925,0.567185) (-0.132222,0.229015)
(-0.00692077,0.0392496) (-2.07733e-16,-0.106195) (-0.0783535,-0.444365) (1.34263,3.68885) (0.286038,0.495433) (0.229515,0.273526) (0.215277,0.180639) (0.212731,0.12282) (0.215675,0.0784993) (0.222596,0.0392496) (0.233816,2.18331e-17) (0.251356,-0.0443209) (0.280625,-0.102139) (0.337795,-0.195026) (0.496882,-0.416933) (3.02944,-3.61035) (-0.301876,0.522864) (-0.0672233,0.184694)
(3.75134e-17,2.79724e-16) (-0.0256459,-0.145445) (-0.176021,-0.483614) (2.1071,3.6496) (0.382783,0.456183) (0.279199,0.234276) (0.244893,0.141389) (0.229608,0.0835705) (0.222596,0.0392496) (0.22053,9.82829e-16) (0.222596,-0.0392496) (0.229608,-0.0835705) (0.244893,-0.141389) (0.279199,-0.234276) (0.382783,-0.456183) (2.1071,-3.6496) (-0.176021,0.483614) (-0.0256459,0.145445)
(-0.00692077,-0.0392496) (-0.0672233,-0.184694) (-0.301876,-0.522864) (3.02944,3.61035) (0.496882,0.416933) (0.337795,0.195026) (0.280625,0.102139) (0.251356,0.0443209) (0.233816,-2.93385e-16) (0.222596,-0.0392496) (0.215675,-0.0784993) (0.212731,-0.12282) (0.215277,-0.180639) (0.229515,-0.273526) (0.286038,-0.495433) (1.34263,-3.68885) (-0.0783535,0.444365) (-1.11348e-16,0.106195)
(-0.0304172,-0.0835705) (-0.132222,-0.229015) (-0.475925,-0.567185) (4.24983,3.56603) (0.645384,0.372612) (0.414059,0.150705) (0.327904,0.0578183) (0.281433,-1.12066e-16) (0.251356,-0.0443209) (0.229608,-0.0835705) (0.212731,-0.12282) (0.199191,-0.167141) (0.188763,-0.224959) (0.183509,-0.317846) (0.196454,-0.539754) (0.658258,-3.73317) (-4.75639e-16,0.400044) (0.0109101,0.0618743)
(-0.0816309,-0.141389) (-0.240682,-0.286834) (-0.74485,-0.625003) (6.07639,3.50821) (0.86489,0.314794) (0.526788,0.092887) (0.398667,1.85182e-16) (0.327904,-0.0578183) (0.280625,-0.102139) (0.244893,-0.141389) (0.215277,-0.180639) (0.188763,-0.224959) (0.163262,-0.282778) (0.136731,-0.375665) (0.105368,-0.597572) (-4.60569e-16,-3.79099) (0.0603436,0.342225) (0.00147625,0.00405597)
(-0.196581,-0.234276) (-0.452534,-0.379721) (-1.24342,-0.71789) (9.38352,3.41532) (1.2585,0.221907) (0.728928,3.75541e-17) (0.526788,-0.092887) (0.414059,-0.150705) (0.337795,-0.195026) (0.279199,-0.234276) (0.229515,-0.273526) (0.183509,-0.317846) (0.136731,-0.375665) (0.0826183,-0.468552) (-5.775e-16,-0.690459) (-0.684832,-3.88387) (0.0907517,0.249338) (-0.0512866,-0.088831)
(-0.543658,-0.456183) (-1.04205,-0.601628) (-2.58207,-0.939797) (18.1108,3.19341) (2.28968,-3.09838e-16) (1.2585,-0.221907) (0.86489,-0.314794) (0.645384,-0.372612) (0.496882,-0.416933) (0.382783,-0.456183) (0.286038,-0.495433) (0.196454,-0.539754) (0.105368,-0.597572) (7.22892e-17,-0.690459) (-0.160875,-0.912366) (-1.49438,-4.10578) (0.0158374,0.0274312) (-0.26074,-0.310738)
(-6.32129,-3.6496) (-10.4268,-3.79504) (-23.4406,-4.13321) (152.633,-3.04726e-15) (18.1108,-3.19341) (9.38352,-3.41532) (6.07639,-3.50821) (4.24983,-3.56603) (3.02944,-3.61035) (2.1071,-3.6496) (1.34263,-3.68885) (0.658258,-3.73317) (-9.04089e-17,-3.79099) (-0.684832,-3.88387) (-1.49438,-4.10578) (-4.21419,-7.29919) (-2.65658,-3.16598) (-4.17609,-3.50415)
(1.32872,0.483614) (1.91785,0.338169) (3.90682,-7.42624e-16) (-23.4406,4.13321) (-2.58207,0.939797) (-1.24342,0.71789) (-0.74485,0.625003) (-0.475925,0.567185) (-0.301876,0.522864) (-0.176021,0.483614) (-0.0783535,0.444365) (-7.68361e-17,0.400044) (0.0603436,0.342225) (0.0907517,0.249338) (0.0158374,0.0274312) (-2.65658,-3.16598) (1.1527,0.967228) (1.08956,0.629059)
(0.824859,0.145445) (1.04832,-2.36505e-16) (1.91785,-0.338169) (-10.4268,3.79504) (-1.04205,0.601628) (-0.452534,0.379721) (-0.240682,0.286834) (-0.132222,0.229015) (-0.0672233,0.184694) (-0.0256459,0.145445) (-1.10616e-16,0.106195) (0.0109101,0.0618743) (0.00147625,0.00405597) (-0.0512866,-0.088831) (-0.26074,-0.310738) (-4.17609,-3.50415) (1.08956,0.629059) (0.799213,0.29089)

