(7.93809e-15,0) (-6.66134e-15,2.32389e-15) (7.77156e-16,9.46768e-16) (4.16334e-17,-2.4037e-17) (3.67507e-17,9.69367e-16) (5.55112e-16,-1.4787e-16) (-9.71445e-17,1.68259e-16) (-8.05075e-17,-1.56553e-17) (6.77119e-16,-3.32582e-16) (0,9.24446e-33) (7.77156e-16,1.42639e-15) (1.08854e-16,-7.10736e-16) (-9.71445e-17,-1.68259e-16) (5.24597e-16,-4.00248e-16) (-2.88541e-16,-1.39021e-15) (4.16334e-17,2.4037e-17) (8.51428e-16,-9.53595e-16) (-7.77156e-15,-4.43968e-15)
(-7.33653e-15,1.29363e-15) (-1.0863e-14,4.49842e-15) (-5.40567e-15,4.3439e-15) (-1.51304e-15,1.26959e-15) (-5.74149e-16,2.17322e-15) (7.85078e-15,4.41943e-15) (-5.32084e-16,1.46189e-15) (-9.24321e-16,-1.64939e-17) (-1.03688e-14,3.64702e-15) (2.28102e-16,1.29363e-15) (8.53007e-16,2.27741e-15) (-3.34379e-15,6.16106e-15) (9.44297e-16,1.12537e-15) (1.10399e-15,2.59337e-15) (1.04222e-14,5.89942e-15) (3.62026e-15,1.31767e-15) (1.17118e-14,-2.91344e-16) (162,-2.87282e-14)
(1.08944e-15,-3.96522e-16) (-5.32907e-15,1.76114e-15) (8.60596e-16,-3.87974e-16) (3.52891e-16,-4.20559e-16) (5.12008e-16,-1.02042e-16) (-5.67684e-16,1.14936e-16) (4.0249e-17,-2.28263e-16) (-5.99097e-16,4.55269e-16) (-1.47784e-16,-1.80767e-15) (-1.44322e-16,-3.96522e-16) (1.32224e-16,7.66532e-17) (-1.26045e-15,-9.92994e-16) (-6.73081e-16,-5.64782e-16) (7.78462e-16,1.42676e-15) (-2.19779e-15,-1.08587e-15) (-2.11247e-15,-3.72485e-16) (1.57903e-15,-1.32308e-15) (1.14999e-14,2.7863e-15)
(4.16334e-17,-2.4037e-17) (1.77636e-15,1.47874e-17) (2.76488e-16,-3.20218e-16) (2.77556e-17,-4.80741e-17) (-4.55565e-16,1.64999e-17) (-5.13407e-16,-6.09002e-16) (-5.27885e-32,1.44222e-16) (-8.41725e-17,8.61175e-16) (-1.29752e-15,-9.72294e-16) (-1.38778e-17,-2.4037e-17) (1.46108e-15,8.79687e-16) (-1.67923e-15,1.00099e-15) (-3.33067e-16,-1.92296e-16) (1.37075e-15,-1.2422e-16) (-2.50286e-15,4.59573e-16) (1.94289e-16,4.76818e-33) (-1.30592e-15,1.96523e-15) (2.43452e-15,6.19053e-16)
(-2.83531e-16,2.37911e-16) (-1.96301e-15,1.82216e-15) (-8.17497e-16,5.26315e-16) (-7.78437e-17,2.13874e-16) (1.15727e-16,3.88659e-16) (-2.18468e-16,7.08593e-16) (7.16188e-17,4.0617e-16) (-2.24992e-16,4.40891e-16) (-6.7648e-16,-1.41069e-15) (1.99631e-16,2.37911e-16) (1.07438e-15,1.3538e-15) (2.43188e-15,1.17183e-15) (1.91366e-16,6.96517e-17) (8.13685e-17,1.52974e-15) (-3.09813e-15,-1.63293e-15) (-1.48558e-15,2.61948e-16) (-1.24869e-15,1.18544e-16) (-1.05438e-15,-2.29886e-15)
(2.33415e-16,-2.78173e-16) (1.42109e-14,8.18655e-15) (-7.73967e-16,-6.11231e-16) (5.32877e-17,-3.0221e-16) (-3.96114e-16,-1.69422e-17) (1.90281e-16,-1.09685e-15) (-4.00053e-17,-1.09914e-16) (1.79334e-16,-1.13228e-15) (-8.726e-16,-1.30501e-15) (-3.31513e-16,-2.78173e-16) (2.53385e-15,7.90881e-16) (1.83098e-15,1.63551e-15) (-2.53184e-15,-4.46432e-16) (1.49529e-15,1.06359e-15) (1.88168e-15,-2.06315e-15) (6.98232e-16,-2.54136e-16) (-1.99186e-16,-2.5227e-16) (6.35442e-15,-1.35654e-15)
(-9.71445e-17,1.68259e-16) (-5.07514e-15,2.32389e-15) (-4.58963e-16,-3.6664e-16) (-2.01862e-32,1.44222e-16) (-8.21679e-16,8.1479e-16) (-1.09173e-16,-4.8784e-16) (1.94289e-16,3.36518e-16) (3.29848e-16,2.89672e-17) (-1.79604e-15,-7.91012e-16) (2.91434e-16,1.68259e-16) (3.30277e-15,2.29172e-15) (-1.57232e-15,1.01287e-15) (2.02616e-15,-6.16298e-33) (-3.79332e-15,-2.1102e-15) (6.52231e-16,-9.72953e-16) (-3.33067e-16,1.92296e-16) (2.04154e-16,-1.65551e-16) (2.19653e-15,-1.19826e-15)
(-5.78222e-17,1.58865e-16) (3.36055e-15,5.67872e-17) (3.03509e-16,3.70783e-16) (2.37739e-17,1.34828e-16) (-7.44218e-17,-3.57464e-16) (-1.27666e-15,-9.01515e-16) (2.7449e-16,3.27125e-16) (1.03579e-15,-7.04142e-16) (-1.75752e-15,-7.92077e-16) (4.36479e-16,1.58865e-16) (4.54865e-15,4.3509e-15) (3.21256e-15,-1.21209e-16) (5.32758e-17,-9.39396e-18) (-1.15444e-15,-1.68997e-16) (5.71497e-16,2.51148e-16) (-2.17974e-16,1.82902e-16) (-9.18703e-16,-6.07368e-16) (2.69452e-15,-6.03176e-15)
(1.93295e-16,-1.09623e-15) (-6.56569e-15,1.17053e-14) (-5.10634e-16,-1.71598e-15) (-4.07745e-16,-1.12027e-15) (1.27244e-16,-1.72225e-15) (-1.25219e-15,2.82934e-16) (-1.10592e-15,-9.27974e-16) (-1.4625e-15,-1.41603e-15) (-5.83921e-15,-2.08268e-15) (-6.21705e-15,-1.09623e-15) (-2.4237e-15,6.29133e-17) (5.68092e-15,-7.25634e-16) (3.47416e-15,-1.26449e-15) (1.65577e-15,-7.09451e-16) (1.72428e-15,-2.00975e-15) (8.99679e-16,-1.0722e-15) (8.04357e-16,-8.82612e-16) (-1.10734e-15,-3.1905e-15)
(8.71182e-34,-2.66847e-33) (1.77636e-15,1.16857e-15) (7.61705e-32,-3.45981e-16) (-1.38778e-17,-2.4037e-17) (1.14421e-16,1.33681e-15) (-9.99201e-16,-3.72083e-16) (2.91434e-16,1.68259e-16) (1.56921e-15,-2.857e-16) (-6.22499e-15,-1.2865e-15) (-1.2379e-14,1.41748e-31) (-7.66054e-15,1.68931e-16) (8.94467e-17,-4.47604e-16) (2.91434e-16,-1.68259e-16) (-6.81027e-16,1.63726e-15) (3.9632e-16,-4.21168e-16) (-1.38778e-17,2.4037e-17) (8.8478e-16,-9.26288e-18) (-6.66134e-16,-1.11161e-15)
(1.93295e-16,1.09623e-15) (-1.85178e-15,1.11679e-15) (3.47532e-16,1.03882e-15) (8.99679e-16,1.0722e-15) (2.15697e-15,1.85741e-15) (1.64433e-15,1.53305e-15) (3.47416e-15,1.26449e-15) (5.55129e-15,1.95671e-15) (-2.86841e-15,-4.20321e-16) (-6.21705e-15,1.09623e-15) (-5.73612e-15,2.12373e-15) (-2.64232e-15,6.30764e-16) (-1.10592e-15,9.27974e-16) (-2.14474e-15,1.11656e-15) (-3.09521e-16,8.97813e-16) (-4.07745e-16,1.12027e-15) (-6.61541e-16,1.05051e-15) (-3.55271e-15,2.99551e-15)
(-5.78222e-17,-1.58865e-16) (-4.64212e-15,5.33071e-15) (-5.93718e-16,3.95172e-16) (-2.17974e-16,-1.82902e-16) (9.98909e-16,4.41293e-16) (-2.44255e-16,-3.82454e-16) (5.32758e-17,9.39396e-18) (1.84327e-15,6.51963e-17) (4.98547e-15,-2.69534e-15) (4.36479e-16,-1.58865e-16) (-1.55064e-15,8.00898e-16) (-4.06084e-16,-2.81886e-16) (2.7449e-16,-3.27125e-16) (1.24838e-15,1.88399e-15) (-2.88584e-17,-2.46641e-16) (2.37739e-17,-1.34828e-16) (-2.12207e-16,-2.70284e-16) (3.25085e-15,-1.14865e-15)
(-9.71445e-17,-1.68259e-16) (1.07834e-15,2.32389e-15) (-6.5126e-16,5.94841e-16) (-3.33067e-16,-1.92296e-16) (3.50958e-16,1.18052e-15) (-5.10888e-15,8.58234e-16) (2.02616e-15,6.16298e-33) (-2.09087e-15,-2.3025e-15) (3.73315e-15,-2.41518e-15) (2.91434e-16,-1.68259e-16) (-2.08153e-15,5.61055e-16) (-1.2446e-16,-1.48003e-15) (1.94289e-16,-3.36518e-16) (-2.18826e-16,2.21263e-16) (-6.46446e-16,-5.98715e-16) (3.59427e-32,-1.44222e-16) (3.7759e-16,1.19938e-15) (-2.41858e-15,-2.35203e-15)
(2.33415e-16,2.78173e-16) (6.0879e-15,1.60165e-15) (-6.07202e-16,-3.05697e-16) (6.98232e-16,2.54136e-16) (1.69063e-15,1.82894e-15) (3.47102e-15,-3.55007e-16) (-2.53184e-15,4.46432e-16) (-8.42923e-17,-1.13566e-15) (1.528e-15,-1.05307e-15) (-3.31513e-16,2.78173e-16) (-1.03036e-15,6.05151e-16) (-1.27132e-15,5.84686e-16) (-4.00053e-17,1.09914e-16) (-5.95026e-16,3.34437e-16) (-7.39362e-17,5.8668e-16) (5.32877e-17,3.0221e-16) (-5.90625e-17,1.10279e-15) (4.41091e-15,6.2752e-15)
(-2.83531e-16,-2.37911e-16) (1.18948e-14,2.4751e-15) (-1.54209e-15,5.42875e-16) (-1.48558e-15,-2.61948e-16) (-2.49474e-15,1.48222e-15) (2.31859e-16,3.81624e-16) (1.91366e-16,-6.96517e-17) (1.21927e-15,9.37709e-16) (8.62811e-16,-1.95597e-15) (1.99631e-16,-2.37911e-16) (-1.12844e-15,8.32843e-16) (-9.34955e-16,-6.34105e-16) (7.16188e-17,-4.0617e-16) (1.07263e-15,-7.40366e-16) (-2.04574e-16,-1.46659e-17) (-7.78437e-17,-2.13874e-16) (1.26272e-16,-1.55493e-16) (-5.68328e-16,-3.86393e-15)
(4.16334e-17,2.4037e-17) (1.77636e-15,2.32234e-15) (-2.60796e-15,-7.04811e-16) (1.94289e-16,4.51164e-33) (-1.69168e-15,-1.30381e-15) (2.17874e-15,-8.01298e-16) (-3.33067e-16,1.92296e-16) (-2.14791e-15,-1.85489e-15) (1.83672e-15,-5.01908e-16) (-1.38778e-17,2.4037e-17) (-4.61881e-16,1.45658e-15) (8.70953e-16,1.18727e-15) (3.28973e-32,-1.44222e-16) (-2.68498e-17,1.82266e-15) (1.31789e-16,-1.06844e-15) (2.77556e-17,4.80741e-17) (1.22498e-16,9.77981e-16) (8.96149e-16,-2.84228e-15)
(1.08944e-15,3.96522e-16) (1.49715e-14,-1.99693e-15) (9.95964e-16,1.48889e-15) (-2.11247e-15,3.72485e-16) (-2.78395e-15,1.16163e-15) (8.28287e-16,-3.08373e-16) (-6.73081e-16,5.64782e-16) (-1.73419e-16,1.04068e-15) (5.59241e-16,-7.02377e-16) (-1.44322e-16,3.96522e-16) (8.80464e-17,2.10999e-15) (3.11253e-16,-4.04426e-16) (4.0249e-17,2.28263e-16) (-4.24972e-16,7.91986e-16) (-1.1271e-15,8.07911e-17) (3.52891e-16,4.20559e-16) (7.68116e-16,2.19535e-16) (4.60709e-15,3.85462e-15)
(-7.33653e-15,-1.29363e-15) (162,-3.15902e-14) (1.04077e-14,9.93645e-18) (3.62026e-15,-1.31767e-15) (3.20561e-16,3.56615e-16) (1.33311e-15,-1.12668e-15) (9.44297e-16,-1.12537e-15) (6.2128e-16,3.64557e-16) (1.28768e-15,-2.53084e-15) (2.28102e-16,-1.29363e-15) (-4.68836e-15,2.18035e-15) (-2.83195e-15,-2.16668e-15) (-5.32084e-16,-1.46189e-15) (3.22436e-15,9.65e-16) (-9.13401e-16,-2.23411e-15) (-1.51304e-15,-1.26959e-15) (2.03386e-15,1.8597e-15) (-9.68727e-15,-7.92998e-15)

