(6.82787e-15,0) (-8.88178e-15,5.14574e-16) (-2.22045e-16,-9.64357e-16) (-8.32667e-17,1.58644e-15) (1.29044e-16,1.0701e-15) (1.66533e-15,-3.78942e-16) (-4.996e-16,1.92296e-16) (-1.08591e-15,-8.5593e-16) (-6.21584e-16,-1.58501e-15) (-1.16573e-15,1.55579e-31) (-5.55112e-17,9.81162e-16) (5.5999e-16,1.97861e-15) (-4.996e-16,-1.92296e-16) (3.41738e-15,-2.79041e-16) (3.44028e-16,-3.35084e-16) (-8.32667e-17,-1.58644e-15) (5.92601e-16,1.16625e-15) (-6.88338e-15,8.28675e-16)
(-6.82156e-15,2.10767e-15) (162,2.23327e-14) (8.86601e-15,-2.848e-16) (2.74719e-15,-3.53296e-16) (9.7338e-16,-2.35546e-16) (2.82714e-15,-3.35738e-15) (-1.59075e-16,-1.26587e-15) (-3.68554e-16,3.80621e-17) (5.87799e-16,-2.34797e-15) (-1.53737e-15,-9.97275e-16) (-5.08847e-15,2.59115e-15) (7.16437e-17,-1.02775e-15) (-1.4518e-15,-9.91523e-16) (3.67127e-15,2.24096e-15) (-1.05498e-15,-2.69508e-15) (-2.15871e-15,-1.63236e-15) (1.27843e-15,3.70929e-15) (-7.17428e-15,-4.75262e-16)
(-4.47224e-16,-6.77902e-16) (8.50867e-15,-2.37008e-15) (-7.37334e-15,-7.38629e-16) (2.76749e-15,5.0904e-15) (3.23272e-15,1.83721e-15) (7.72424e-16,-9.15487e-16) (-1.12545e-16,4.47943e-16) (2.64331e-16,4.09874e-16) (-2.20321e-16,-1.7944e-15) (-9.18998e-16,2.61516e-16) (8.99893e-16,1.53869e-15) (1.46741e-15,-2.15741e-16) (-3.44451e-16,-2.60868e-16) (1.26515e-15,-1.61649e-15) (1.8853e-17,-1.5547e-15) (-4.26815e-16,-1.3164e-15) (7.55589e-16,6.98678e-16) (-8.88178e-15,-8.97357e-16)
(-8.32667e-17,1.58644e-15) (3.31473e-15,-3.88956e-15) (4.26532e-15,5.57571e-15) (4.4964e-15,-2.06718e-15) (2.52611e-15,-1.73523e-15) (-3.98552e-18,-5.41525e-15) (-1.91513e-15,-1.44222e-16) (-1.53108e-15,-1.77476e-15) (-2.93331e-15,-8.19569e-16) (-2.08167e-15,6.24963e-16) (2.18984e-16,3.40053e-16) (1.0447e-16,1.31006e-15) (-1.16573e-15,4.32667e-16) (-7.58679e-16,1.37422e-15) (-1.60299e-16,-4.95007e-16) (-9.99201e-16,5.91646e-31) (-2.91713e-16,1.59199e-15) (-5.39169e-16,3.3443e-15)
(6.41682e-16,8.57123e-16) (-1.84734e-15,7.07614e-16) (1.51914e-15,1.39651e-15) (8.90876e-16,-2.09333e-15) (5.61952e-16,6.47996e-15) (8.34364e-16,-7.61436e-15) (-2.65412e-15,1.42511e-15) (-2.33276e-15,-2.51953e-15) (-1.11328e-15,-4.03575e-16) (-1.88495e-15,1.5166e-15) (-2.77945e-16,1.35248e-15) (-1.45389e-15,1.15185e-15) (-7.20334e-16,7.95303e-16) (1.39789e-15,1.27461e-15) (-2.25098e-16,-8.4226e-16) (-4.89559e-16,1.09063e-16) (2.0505e-16,1.09598e-15) (1.51207e-16,2.3426e-15)
(1.67427e-15,-1.02934e-15) (4.02306e-15,-3.97028e-15) (1.95033e-15,-2.54998e-15) (3.96446e-16,-5.45562e-15) (-2.06823e-15,-7.74862e-15) (-1.15126e-14,-9.65195e-15) (-6.27379e-16,1.11921e-14) (-1.10074e-15,1.63105e-15) (-1.00332e-16,6.98442e-16) (6.09908e-17,3.38459e-15) (1.94961e-15,3.00228e-15) (2.20959e-15,1.89663e-15) (9.77427e-16,1.00125e-15) (3.37169e-15,2.08411e-15) (8.09363e-16,-4.12924e-16) (8.84024e-16,-5.27593e-16) (2.24729e-15,-1.6099e-16) (1.06581e-14,4.35539e-15)
(-4.996e-16,1.92296e-16) (4.44089e-16,1.57594e-16) (-1.86852e-15,-1.83215e-16) (-1.91513e-15,-1.44222e-16) (-4.45845e-15,1.03238e-15) (-2.26799e-15,1.20444e-14) (1.66533e-14,2.4037e-16) (-2.32708e-15,-6.53508e-15) (-1.70313e-15,-4.80067e-15) (-1.4988e-15,1.15378e-15) (1.93186e-15,3.50886e-17) (-1.00684e-15,-1.2909e-15) (-8.32667e-16,-1.41748e-31) (-6.96285e-16,-2.04743e-15) (-7.52245e-16,-4.86209e-16) (-1.16573e-15,-4.32667e-16) (6.126e-17,-3.68667e-16) (-5.55112e-16,-5.17399e-16)
(1.92917e-16,-6.13126e-16) (4.45812e-16,8.5831e-16) (-2.67687e-16,1.86494e-16) (-1.34138e-15,-1.40019e-15) (-2.68593e-15,-2.28286e-17) (-9.47567e-16,3.06257e-15) (-2.40042e-15,-5.23243e-15) (6.25593e-15,9.5973e-15) (-2.35486e-15,-9.84837e-16) (5.18815e-16,3.73286e-15) (3.7141e-15,2.60626e-16) (2.22687e-15,8.67598e-16) (3.72212e-16,2.85279e-16) (1.06134e-15,-1.06724e-15) (3.63495e-17,-2.61244e-15) (-3.19406e-16,-6.50375e-16) (1.40605e-15,-8.20144e-16) (-4.19667e-16,1.89683e-15)
(2.63509e-16,-1.13309e-15) (5.12844e-15,-2.13599e-15) (-7.78654e-16,-1.28986e-15) (-1.44527e-15,-1.66422e-15) (-1.72476e-15,-1.19453e-15) (-1.26131e-15,1.14139e-15) (-2.70596e-15,-3.61875e-15) (-2.65375e-15,-3.83311e-15) (-1.70027e-14,-1.13759e-14) (5.26031e-15,8.10564e-15) (6.1886e-15,8.5564e-16) (3.95131e-15,-1.94321e-15) (1.33324e-15,9.95321e-17) (1.82979e-15,5.58329e-16) (3.18978e-16,-7.33234e-16) (-6.09429e-18,-9.93262e-16) (9.74897e-16,-1.46071e-15) (-1.01184e-14,2.89334e-15)
(-1.16573e-15,1.58889e-31) (-8.88178e-16,2.97788e-15) (-4.44089e-16,1.00017e-15) (-2.08167e-15,6.24963e-16) (-1.59168e-15,2.12425e-15) (-5.55112e-16,2.31753e-15) (-1.4988e-15,1.15378e-15) (4.29597e-16,5.00714e-15) (5.37913e-15,7.27734e-15) (-1.81521e-14,-3.71753e-31) (4.4964e-15,-8.48967e-15) (-1.05992e-15,-5.43026e-15) (-1.4988e-15,-1.15378e-15) (-1.87289e-15,-2.49242e-15) (-2.43704e-15,-8.95256e-16) (-2.08167e-15,-6.24963e-16) (-1.23939e-15,-1.24093e-15) (-4.66294e-15,-1.0509e-15)
(2.63509e-16,1.13309e-15) (3.55271e-15,1.93492e-15) (-1.90037e-16,2.62987e-17) (-6.09429e-18,9.93262e-16) (6.63226e-16,1.49673e-15) (3.39534e-15,3.6932e-15) (1.33324e-15,-9.95321e-17) (3.80844e-15,9.75588e-16) (6.96686e-15,2.61483e-16) (5.26031e-15,-8.10564e-15) (-1.62786e-14,1.12272e-14) (-2.38877e-15,3.04445e-15) (-2.70596e-15,3.61875e-15) (3.17526e-16,-9.41199e-16) (-2.19238e-15,1.62351e-15) (-1.44527e-15,1.66422e-15) (-4.06283e-16,1.97117e-15) (3.76433e-15,2.64176e-15)
(1.92917e-16,6.13126e-16) (-1.60192e-15,-2.64617e-15) (3.05632e-16,6.01525e-16) (-3.19406e-16,6.50375e-16) (5.58068e-16,1.17348e-15) (9.23943e-16,1.45846e-15) (3.72212e-16,-2.85279e-16) (6.35302e-16,-1.24584e-15) (4.42263e-15,-1.23636e-15) (5.18815e-16,-3.73286e-15) (-3.11258e-15,2.63681e-15) (5.29279e-15,-8.96286e-15) (-2.40042e-15,5.23243e-15) (5.22799e-16,-3.52208e-15) (-2.56588e-15,1.93377e-16) (-1.34138e-15,1.40019e-15) (1.98055e-16,5.03093e-16) (-2.86576e-15,7.87393e-15)
(-4.996e-16,-1.92296e-16) (4.44089e-16,-4.45752e-15) (-9.07038e-16,5.8597e-16) (-1.16573e-15,4.32667e-16) (-1.17148e-15,1.93889e-15) (-7.29616e-16,1.85268e-15) (-8.32667e-16,1.41748e-31) (-9.69049e-16,-1.08595e-15) (9.7429e-16,-1.01617e-16) (-1.4988e-15,-1.15378e-15) (-2.87555e-15,3.59257e-15) (-7.11075e-16,6.60414e-15) (1.66533e-14,-2.4037e-16) (-1.66972e-15,-1.19194e-14) (-3.23737e-15,-2.78156e-15) (-1.91513e-15,1.44222e-16) (-1.48971e-16,-7.9443e-16) (-5.55112e-16,2.17475e-15)
(1.67427e-15,1.02934e-15) (-4.45812e-16,8.5831e-16) (2.04069e-15,2.44421e-17) (8.84024e-16,5.27593e-16) (1.15464e-15,8.726e-16) (1.49615e-15,1.38763e-16) (9.77427e-16,-1.00125e-15) (8.55601e-16,-2.06888e-15) (1.41725e-15,-3.06613e-15) (6.09908e-17,-3.38459e-15) (-6.1208e-16,5.84296e-17) (-1.73715e-16,-2.67807e-15) (-6.27379e-16,-1.11921e-14) (-1.12732e-14,1.01218e-14) (-1.08097e-15,8.01958e-15) (3.96446e-16,5.45562e-15) (2.39374e-15,1.47485e-15) (3.25538e-15,8.09912e-16)
(6.41682e-16,-8.57123e-16) (-1.5055e-15,-4.16928e-15) (5.4548e-16,-7.50452e-16) (-4.89559e-16,-1.09063e-16) (5.67989e-16,-3.51076e-16) (2.47358e-16,-6.59885e-16) (-7.20334e-16,-7.95303e-16) (5.78328e-18,1.1678e-15) (7.65132e-17,-1.01989e-15) (-1.88495e-15,-1.5166e-15) (-1.04632e-15,7.30854e-16) (-3.61862e-15,7.97625e-16) (-2.65412e-15,-1.42511e-15) (-5.08903e-16,7.1469e-15) (8.45619e-16,-6.50692e-15) (8.90876e-16,2.09333e-15) (1.46285e-15,-1.20861e-16) (8.34204e-15,5.97008e-15)
(-8.32667e-17,-1.58644e-15) (2.37987e-16,-8.12819e-16) (-1.57494e-16,-5.77774e-16) (-9.99201e-16,5.81944e-31) (1.25179e-16,-4.25316e-17) (-7.73171e-16,-6.07842e-16) (-1.16573e-15,-4.32667e-16) (2.31299e-15,-2.8563e-15) (-2.28279e-16,-7.83452e-16) (-2.08167e-15,-6.24963e-16) (-3.05005e-15,-3.32984e-16) (-2.93077e-15,1.92394e-15) (-1.91513e-15,1.44222e-16) (-1.91061e-15,4.95561e-15) (2.71126e-15,1.87258e-15) (4.4964e-15,2.06718e-15) (4.80136e-15,-4.04279e-15) (2.53757e-15,-1.17029e-16)
(-4.47224e-16,6.77902e-16) (-1.70537e-15,6.86109e-15) (2.82204e-16,-7.40411e-16) (-4.26815e-16,1.3164e-15) (5.77486e-16,9.47537e-16) (3.3393e-15,2.58484e-17) (-3.44451e-16,2.60868e-16) (2.59962e-15,7.10022e-16) (-4.26237e-17,-1.15321e-15) (-9.18998e-16,-2.61516e-16) (-4.76804e-16,1.50638e-15) (2.02887e-16,7.92664e-16) (-1.12545e-16,-4.47943e-16) (1.33435e-15,3.18004e-15) (2.5776e-15,-1.70304e-15) (2.76749e-15,-5.0904e-15) (-7.86992e-15,6.85777e-16) (8.21368e-15,2.39303e-15)
(-6.82156e-15,-2.10767e-15) (-9.42665e-15,2.69362e-15) (-7.5659e-15,4.18214e-15) (-2.15871e-15,1.63236e-15) (-2.37389e-16,2.8627e-15) (1.05437e-14,4.57611e-15) (-1.4518e-15,9.91523e-16) (-3.21457e-16,5.26337e-16) (-9.88324e-15,3.82686e-15) (-1.53737e-15,9.97275e-16) (1.48408e-15,2.46311e-15) (-4.27339e-15,6.60091e-15) (-1.59075e-16,1.26587e-15) (4.01748e-15,2.08178e-15) (1.0433e-14,4.7815e-15) (2.74719e-15,3.53296e-16) (8.43763e-15,-3.04766e-16) (162,-8.44283e-14)

