(8.32651e-16,0) (2.97895e-15,-5.32907e-15) (4.50348e-18,1.05471e-15) (2.60415e-15,1.25838e-15) (-5.94514e-17,-4.74827e-16) (7.99441e-16,8.88178e-16) (5.82875e-16,-1.44222e-16) (-4.66638e-16,-1.66901e-15) (-8.70198e-16,4.70988e-16) (-8.09783e-16,3.03958e-31) (-4.04783e-16,-1.11022e-16) (-8.41701e-16,7.07821e-16) (5.82875e-16,1.44222e-16) (3.57158e-15,1.78003e-15) (9.56617e-16,1.39634e-16) (2.60415e-15,-1.25838e-15) (-4.44044e-16,-1.41255e-15) (2.45664e-15,1.9984e-15)
(2.70364e-15,-5.4169e-15) (-1.87187e-14,162) (-5.31163e-15,7.67452e-15) (4.25497e-15,4.2187e-15) (-1.65307e-15,-1.58958e-15) (9.44432e-18,2.74107e-15) (1.3776e-15,8.6972e-16) (2.76762e-16,1.1856e-15) (4.23735e-16,1.15995e-15) (1.45364e-16,6.19512e-16) (-1.88225e-15,-5.42824e-15) (1.05589e-15,1.88711e-15) (1.6688e-15,-3.02077e-17) (-2.36215e-15,2.2351e-15) (1.83185e-15,6.32206e-16) (3.18914e-15,-2.21785e-15) (-1.3875e-15,1.44921e-15) (6.91743e-15,1.3341e-15)
(-5.61393e-16,9.68576e-17) (-6.96614e-15,8.09378e-15) (-3.05645e-15,-1.22083e-15) (9.14762e-15,1.22167e-16) (-1.69312e-15,-2.62309e-15) (1.65642e-15,2.59228e-16) (7.76211e-16,-7.35642e-16) (-2.05511e-15,1.56661e-15) (-1.34766e-15,7.64527e-16) (-8.45036e-16,9.04063e-17) (-7.44987e-16,-4.06638e-16) (-3.88207e-16,-8.07592e-16) (3.98421e-16,-2.08161e-16) (5.36624e-16,-4.88752e-16) (-7.72227e-16,7.49073e-17) (1.07763e-15,-1.44103e-15) (-6.282e-16,3.90917e-16) (1.01637e-14,1.77636e-15)
(2.60415e-15,1.25838e-15) (5.0693e-15,6.77606e-15) (8.81135e-15,2.56703e-16) (4.96753e-15,-2.12968e-14) (-9.56482e-15,1.02889e-15) (-1.34672e-15,1.40557e-15) (-1.64245e-15,9.04957e-16) (-1.23052e-15,1.69902e-15) (-1.94862e-15,2.22166e-15) (-1.53631e-15,1.97104e-15) (-1.85892e-15,7.86977e-16) (7.84219e-17,2.13914e-15) (6.05752e-16,1.298e-15) (2.96548e-15,2.26191e-15) (4.22173e-16,1.89292e-15) (1.87763e-15,4.33873e-30) (1.12649e-15,1.26777e-15) (7.30304e-15,3.4693e-15)
(-4.0491e-16,-6.95902e-16) (-4.63928e-15,1.94499e-15) (-3.59731e-16,-2.15371e-15) (-1.06592e-14,5.62749e-16) (-6.87287e-16,-1.6624e-16) (8.60526e-15,-2.95537e-16) (2.409e-15,-1.23353e-15) (-1.03686e-15,-4.00336e-16) (4.5653e-16,1.23964e-15) (-2.25852e-16,3.39728e-16) (3.00434e-16,-3.08736e-17) (2.8721e-15,1.06041e-15) (7.35396e-16,-6.88307e-16) (-8.29674e-16,-1.33505e-15) (1.27417e-15,-4.49656e-16) (6.29218e-16,-1.95433e-15) (-2.58934e-17,-5.01122e-16) (2.36886e-15,-2.46232e-15)
(1.1087e-15,3.96014e-16) (1.35597e-16,2.75155e-15) (2.17387e-15,-6.93486e-16) (-1.2623e-15,1.26039e-15) (6.33344e-15,-9.08345e-17) (-4.39701e-15,-1.4107e-14) (-2.64091e-15,6.73061e-16) (-5.67534e-15,2.72311e-15) (-4.99122e-16,3.55069e-15) (-1.28173e-15,2.28636e-15) (-1.04923e-15,2.50671e-16) (1.30544e-15,1.29822e-15) (6.19442e-16,6.18084e-16) (-8.14001e-16,1.7684e-15) (-1.18869e-16,1.0027e-15) (9.53303e-16,-7.25526e-16) (4.01524e-16,1.189e-15) (4.28126e-15,-1.06581e-14)
(5.82875e-16,-1.44222e-16) (-2.09619e-15,-1.15378e-15) (7.44474e-16,-5.97741e-16) (-1.64245e-15,9.04957e-16) (2.97082e-15,1.12012e-15) (-3.35194e-15,3.1129e-16) (7.07766e-15,-1.37011e-14) (-6.93568e-15,5.87024e-16) (2.69774e-16,3.84123e-15) (-5.59982e-16,2.41215e-15) (-6.93227e-16,6.71969e-16) (1.75416e-15,2.00407e-15) (8.32675e-16,4.37571e-31) (1.16788e-15,2.29701e-16) (7.86632e-16,2.29804e-16) (6.05752e-16,-1.298e-15) (-3.99421e-16,-1.18004e-16) (3.69966e-15,1.54577e-16)
(-4.1308e-16,-9.40142e-16) (2.47284e-15,1.17568e-15) (-2.54316e-15,-1.12362e-15) (-2.82281e-15,6.80404e-16) (1.12946e-16,-9.40695e-16) (-4.53559e-15,1.41932e-15) (-5.84198e-15,2.36975e-15) (-3.87934e-15,-4.42056e-15) (6.29397e-15,1.28707e-15) (1.77324e-15,1.08993e-15) (-3.52076e-16,-1.22662e-15) (3.07435e-15,-5.23357e-16) (1.12398e-15,-1.5789e-15) (-2.36276e-15,-4.9609e-16) (1.55667e-15,-6.55326e-16) (-4.09707e-17,-2.43491e-15) (-1.60498e-16,-1.0556e-15) (2.34003e-15,-2.8017e-15)
(-5.3248e-16,3.61029e-16) (-4.9084e-17,2.06522e-15) (-8.82061e-17,1.41153e-18) (-1.46479e-15,2.27551e-15) (1.44179e-16,1.11999e-15) (-1.89625e-15,3.47598e-15) (2.37012e-16,3.36446e-15) (7.80357e-15,2.25714e-15) (-3.53426e-15,-1.58467e-14) (-2.85728e-15,1.57266e-15) (-2.96666e-15,-5.3223e-16) (2.33564e-15,1.23593e-15) (-5.59201e-16,-1.16958e-15) (3.20056e-16,-2.18758e-15) (-4.41712e-16,4.1081e-16) (-1.09124e-15,-1.43221e-15) (-5.59835e-16,3.95446e-16) (2.19525e-16,8.34204e-15)
(-8.09783e-16,1.21574e-31) (4.06359e-16,1.77636e-15) (-1.10361e-15,-1.66533e-16) (-1.53631e-15,1.97104e-15) (-4.68462e-16,1.18937e-16) (-1.85827e-15,4.44089e-16) (-5.59982e-16,2.41215e-15) (2.12086e-15,1.02093e-15) (-3.60224e-15,8.11183e-16) (5.38387e-15,3.45608e-31) (-1.85892e-15,-1.77636e-15) (3.29514e-15,-3.09377e-16) (-5.59982e-16,-2.41215e-15) (-1.91736e-15,-3.3524e-15) (9.1672e-16,6.87618e-16) (-1.53631e-15,-1.97104e-15) (-1.23765e-15,-7.91469e-18) (1.67862e-15,-1.55431e-15)
(-5.3248e-16,-3.61029e-16) (2.24886e-15,-3.55271e-15) (-1.56261e-15,-1.48995e-15) (-1.09124e-15,1.43221e-15) (4.80772e-16,-4.25562e-16) (-2.11095e-15,8.44393e-16) (-5.59201e-16,1.16958e-15) (-1.74473e-15,-1.66687e-15) (-2.91528e-15,7.37163e-16) (-2.85728e-15,-1.57266e-15) (-3.22574e-15,1.59473e-14) (8.29799e-15,-3.31123e-15) (2.37012e-16,-3.36446e-15) (-2.61796e-17,-5.43803e-15) (9.11479e-16,-1.0827e-15) (-1.46479e-15,-2.27551e-15) (-5.58222e-16,1.09808e-15) (-1.08445e-15,-1.72558e-15)
(-4.1308e-16,9.40142e-16) (3.6098e-15,2.5075e-15) (5.62527e-16,7.03644e-16) (-4.09707e-17,2.43491e-15) (5.91088e-16,6.90238e-16) (6.25592e-17,2.8984e-15) (1.12398e-15,1.5789e-15) (4.14373e-15,1.07307e-16) (1.10759e-15,1.75047e-15) (1.77324e-15,-1.08993e-15) (7.00272e-15,-1.54312e-15) (-3.42491e-15,3.38286e-15) (-5.84198e-15,-2.36975e-15) (-3.74857e-15,-1.45337e-15) (-1.23577e-15,9.56391e-16) (-2.82281e-15,-6.80404e-16) (-1.33116e-15,1.49024e-15) (1.64632e-15,1.21431e-15)
(5.82875e-16,1.44222e-16) (4.05729e-15,1.15378e-15) (2.63734e-16,-7.90038e-16) (6.05752e-16,1.298e-15) (5.6206e-16,-1.10324e-15) (-1.04438e-15,1.46507e-15) (8.32675e-16,-4.37571e-31) (1.93707e-15,-2.45015e-15) (-3.67146e-16,-7.84916e-16) (-5.59982e-16,-2.41215e-15) (-1.16338e-16,-3.55855e-15) (-9.29941e-15,-8.92388e-16) (7.07766e-15,1.37011e-14) (-3.28205e-15,1.90132e-16) (2.48118e-15,4.33132e-16) (-1.64245e-15,-9.04957e-16) (8.55558e-16,-9.89962e-18) (2.54589e-15,-2.15298e-15)
(1.1087e-15,-3.96014e-16) (-9.83412e-15,5.92975e-15) (4.90295e-16,-6.58793e-16) (9.53303e-16,7.25526e-16) (7.88914e-16,-1.07705e-15) (-1.48711e-16,-1.63312e-15) (6.19442e-16,-6.18084e-16) (2.30782e-15,-1.94522e-15) (4.3246e-16,-8.03706e-16) (-1.28173e-15,-2.28636e-15) (3.24499e-16,-2.96821e-15) (-5.81683e-15,-2.19042e-15) (-2.64091e-15,-6.73061e-16) (-4.33714e-15,1.3873e-14) (5.9779e-15,1.75705e-17) (-1.2623e-15,-1.26039e-15) (1.44542e-15,6.14514e-16) (-5.24932e-16,-3.32761e-15)
(-4.0491e-16,6.95902e-16) (5.92814e-15,-1.66832e-15) (-2.22916e-16,4.10026e-16) (6.29218e-16,1.95433e-15) (4.48677e-16,-2.63204e-16) (4.64649e-16,2.39101e-15) (7.35396e-16,6.88307e-16) (1.12726e-15,-2.7863e-16) (3.01027e-16,7.54708e-16) (-2.25852e-16,-3.39728e-16) (7.87345e-16,-7.97348e-16) (-2.52582e-15,-1.4499e-16) (2.409e-15,1.23353e-15) (7.48198e-15,1.56944e-15) (-2.89101e-16,-2.65174e-16) (-1.06592e-14,-5.62749e-16) (-6.43697e-16,2.55603e-15) (9.44975e-15,-1.01184e-14)
(2.60415e-15,-1.25838e-15) (5.0693e-15,-3.22335e-15) (6.38762e-16,-1.08937e-15) (1.87763e-15,2.71248e-30) (1.65006e-16,-1.48982e-15) (9.6084e-16,-5.17392e-16) (6.05752e-16,-1.298e-15) (1.23482e-15,-2.59498e-15) (-4.4316e-16,-1.06025e-15) (-1.53631e-15,-1.97104e-15) (-1.85892e-15,-2.67436e-15) (-2.36256e-15,-1.83561e-15) (-1.64245e-15,-9.04957e-16) (-1.23052e-15,-3.66754e-16) (-9.06358e-15,-1.55553e-15) (4.96753e-15,2.12968e-14) (9.85711e-15,-2.51737e-16) (5.38007e-15,-1.91499e-15)
(-5.61393e-16,-9.68576e-17) (1.5142e-15,1.60772e-15) (-1.44523e-15,-2.09881e-16) (1.07763e-15,1.44103e-15) (-4.71439e-16,-7.52186e-16) (1.80695e-15,6.52399e-16) (3.98421e-16,2.08161e-16) (-1.5713e-15,-1.56567e-16) (-7.74958e-16,1.34124e-16) (-8.45036e-16,-9.04063e-17) (-5.75885e-16,8.07836e-16) (-2.46756e-15,2.07221e-15) (7.76211e-16,7.35642e-16) (1.9627e-15,-1.02697e-16) (-1.57454e-15,2.20403e-15) (9.14762e-15,-1.22167e-16) (-2.82371e-15,1.16934e-15) (-7.22399e-15,-1.19429e-14)
(2.70364e-15,5.4169e-15) (7.30631e-15,2.56014e-15) (4.89821e-15,6.08814e-15) (3.18914e-15,2.21785e-15) (1.04934e-15,-9.41392e-16) (5.42848e-15,-1.06365e-14) (1.6688e-15,3.02077e-17) (5.46007e-16,-1.78908e-15) (4.71972e-15,9.6924e-15) (1.45364e-16,-6.19512e-16) (7.90017e-16,-1.40795e-15) (4.01702e-15,2.68137e-15) (1.3776e-15,-8.6972e-16) (-1.93522e-16,-2.46232e-15) (4.46658e-15,-8.59841e-15) (4.25497e-15,-4.2187e-15) (-4.43668e-15,-8.39779e-15) (-7.83489e-14,-162)

