(0,0) (0.0469444,0.266235) (0.322205,0.88525) (-3.85701,-6.68054) (-0.70068,-0.835037) (-0.511071,-0.428839) (-0.448273,-0.258811) (-0.420295,-0.152975) (-0.407459,-0.071846) (-0.403678,-2.73035e-15) (-0.407459,0.071846) (-0.420295,0.152975) (-0.448273,0.258811) (-0.511071,0.428839) (-0.70068,0.835037) (-3.85701,6.68054) (0.322205,-0.88525) (0.0469444,-0.266235)
(-0.0469444,-0.266235) (-1.11022e-16,1.80411e-16) (0.27526,0.476765) (-3.90396,-4.65256) (-0.747624,-0.627331) (-0.558015,-0.32217) (-0.495218,-0.180244) (-0.467239,-0.0823869) (-0.454403,1.38778e-16) (-0.450622,0.0794569) (-0.454403,0.165389) (-0.467239,0.269761) (-0.495218,0.415537) (-0.558015,0.665016) (-0.747624,1.29492) (-3.90396,10.726) (0.27526,-1.56108) (-2.77556e-17,-0.612872)
(-0.322205,-0.88525) (-0.27526,-0.476765) (-5.55112e-17,-3.33067e-16) (-4.17922,-3.50678) (-1.02288,-0.590562) (-0.833275,-0.303287) (-0.770478,-0.135856) (-0.7425,4.16334e-16) (-0.729663,0.128659) (-0.725883,0.2642) (-0.729663,0.421271) (-0.7425,0.623031) (-0.770478,0.91822) (-0.833275,1.44327) (-1.02288,2.81035) (-4.17922,23.7015) (-2.77556e-16,-3.60542) (-0.27526,-1.56108)
(3.85701,6.68054) (3.90396,4.65256) (4.17922,3.50678) (2.66454e-15,7.10543e-15) (3.15633,1.14881) (3.34594,0.58998) (3.40874,1.31947e-16) (3.43672,-0.605986) (3.44955,-1.25554) (3.45334,-1.99378) (3.44955,-2.89452) (3.43672,-4.09572) (3.40874,-5.90411) (3.34594,-9.1929) (3.15633,-17.9005) (3.10516e-16,-152.4) (4.17922,23.7015) (3.90396,10.726)
(0.70068,0.835037) (0.747624,0.627331) (1.02288,0.590562) (-3.15633,-1.14881) (-1.11022e-16,-4.16334e-16) (0.189609,2.43539e-16) (0.252406,-0.0445061) (0.280385,-0.102052) (0.293221,-0.169291) (0.297002,-0.249214) (0.293221,-0.349447) (0.280385,-0.48564) (0.252406,-0.693481) (0.189609,-1.07533) (-6.18917e-16,-2.09388) (-3.15633,-17.9005) (1.02288,2.81035) (0.747624,1.29492)
(0.511071,0.428839) (0.558015,0.32217) (0.833275,0.303287) (-3.34594,-0.58998) (-0.189609,8.33751e-17) (-2.77556e-16,5.55112e-17) (0.0627974,-0.0228564) (0.0907756,-0.0524093) (0.103612,-0.0869406) (0.107393,-0.127985) (0.103612,-0.179461) (0.0907756,-0.249404) (0.0627974,-0.356142) (-5.4553e-16,-0.552241) (-0.189609,-1.07533) (-3.34594,-9.1929) (0.833275,1.44327) (0.558015,0.665016)
(0.448273,0.258811) (0.495218,0.180244) (0.770478,0.135856) (-3.40874,5.85469e-18) (-0.252406,0.0445061) (-0.0627974,0.0228564) (0,8.35039e-17) (0.0279782,-0.0234765) (0.0408143,-0.0486406) (0.0445952,-0.0772411) (0.0408143,-0.112136) (0.0279782,-0.158672) (0,-0.228731) (-0.0627974,-0.356142) (-0.252406,-0.693481) (-3.40874,-5.90411) (0.770478,0.91822) (0.495218,0.415537)
(0.420295,0.152975) (0.467239,0.0823869) (0.7425,-2.18792e-16) (-3.43672,0.605986) (-0.280385,0.102052) (-0.0907756,0.0524093) (-0.0279782,0.0234765) (-1.2363e-16,-9.12559e-17) (0.0128362,-0.0222329) (0.016617,-0.0456548) (0.0128362,-0.0727974) (1.39052e-16,-0.107662) (-0.0279782,-0.158672) (-0.0907756,-0.249404) (-0.280385,-0.48564) (-3.43672,-4.09572) (0.7425,0.623031) (0.467239,0.269761)
(0.407459,0.071846) (0.454403,3.13334e-17) (0.729663,-0.128659) (-3.44955,1.25554) (-0.293221,0.169291) (-0.103612,0.0869406) (-0.0408143,0.0486406) (-0.0128362,0.0222329) (1.61451e-16,-1.15996e-16) (0.00378083,-0.0214422) (4.99953e-17,-0.0446318) (-0.0128362,-0.0727974) (-0.0408143,-0.112136) (-0.103612,-0.179461) (-0.293221,-0.349447) (-3.44955,-2.89452) (0.729663,0.421271) (0.454403,0.165389)
(0.403678,4.66424e-16) (0.450622,-0.0794569) (0.725883,-0.2642) (-3.45334,1.99378) (-0.297002,0.249214) (-0.107393,0.127985) (-0.0445952,0.0772411) (-0.016617,0.0456548) (-0.00378083,0.0214422) (-3.77411e-16,-4.77049e-17) (-0.00378083,-0.0214422) (-0.016617,-0.0456548) (-0.0445952,-0.0772411) (-0.107393,-0.127985) (-0.297002,-0.249214) (-3.45334,-1.99378) (0.725883,0.2642) (0.450622,0.0794569)
(0.407459,-0.071846) (0.454403,-0.165389) (0.729663,-0.421271) (-3.44955,2.89452) (-0.293221,0.349447) (-0.103612,0.179461) (-0.0408143,0.112136) (-0.0128362,0.0727974) (-2.52673e-16,0.0446318) (0.00378083,0.0214422) (2.58799e-16,5.01444e-19) (-0.0128362,-0.0222329) (-0.0408143,-0.0486406) (-0.103612,-0.0869406) (-0.293221,-0.169291) (-3.44955,-1.25554) (0.729663,0.128659) (0.454403,3.15625e-16)
(0.420295,-0.152975) (0.467239,-0.269761) (0.7425,-0.623031) (-3.43672,4.09572) (-0.280385,0.48564) (-0.0907756,0.249404) (-0.0279782,0.158672) (2.8089e-16,0.107662) (0.0128362,0.0727974) (0.016617,0.0456548) (0.0128362,0.0222329) (2.31301e-16,1.42837e-16) (-0.0279782,-0.0234765) (-0.0907756,-0.0524093) (-0.280385,-0.102052) (-3.43672,-0.605986) (0.7425,-2.66172e-17) (0.467239,-0.0823869)
(0.448273,-0.258811) (0.495218,-0.415537) (0.770478,-0.91822) (-3.40874,5.90411) (-0.252406,0.693481) (-0.0627974,0.356142) (0,0.228731) (0.0279782,0.158672) (0.0408143,0.112136) (0.0445952,0.0772411) (0.0408143,0.0486406) (0.0279782,0.0234765) (0,-8.35039e-17) (-0.0627974,-0.0228564) (-0.252406,-0.0445061) (-3.40874,6.14764e-15) (0.770478,-0.135856) (0.495218,-0.180244)
(0.511071,-0.428839) (0.558015,-0.665016) (0.833275,-1.44327) (-3.34594,9.1929) (-0.189609,1.07533) (1.71704e-16,0.552241) (0.0627974,0.356142) (0.0907756,0.249404) (0.103612,0.179461) (0.107393,0.127985) (0.103612,0.0869406) (0.0907756,0.0524093) (0.0627974,0.0228564) (3.11979e-17,-5.39594e-17) (-0.189609,2.53432e-18) (-3.34594,0.58998) (0.833275,-0.303287) (0.558015,-0.32217)
(0.70068,-0.835037) (0.747624,-1.29492) (1.02288,-2.81035) (-3.15633,17.9005) (8.97435e-16,2.09388) (0.189609,1.07533) (0.252406,0.693481) (0.280385,0.48564) (0.293221,0.349447) (0.297002,0.249214) (0.293221,0.169291) (0.280385,0.102052) (0.252406,0.0445061) (0.189609,1.67665e-16) (1.12486e-17,-1.8361e-16) (-3.15633,1.14881) (1.02288,-0.590562) (0.747624,-0.627331)
(3.85701,-6.68054) (3.90396,-10.726) (4.17922,-23.7015) (-3.79904e-16,152.4) (3.15633,17.9005) (3.34594,9.1929) (3.40874,5.90411) (3.43672,4.09572) (3.44955,2.89452) (3.45334,1.99378) (3.44955,1.25554) (3.43672,0.605986) (3.40874,5.13715e-16) (3.34594,-0.58998) (3.15633,-1.14881) (-5.35162e-16,5.21924e-15) (4.17922,-3.50678) (3.90396,-4.65256)
(-0.322205,0.88525) (-0.27526,1.56108) (5.09656e-16,3.60542) (-4.17922,-23.7015) (-1.02288,-2.81035) (-0.833275,-1.44327) (-0.770478,-0.91822) (-0.7425,-0.623031) (-0.729663,-0.421271) (-0.725883,-0.2642) (-0.729663,-0.128659) (-0.7425,2.39001e-16) (-0.770478,0.135856) (-0.833275,0.303287) (-1.02288,0.590562) (-4.17922,3.50678) (3.87602e-18,-5.60126e-17) (-0.27526,0.476765)
(-0.0469444,0.266235) (-2.80795e-16,0.612872) (0.27526,1.56108) (-3.90396,-10.726) (-0.747624,-1.29492) (-0.558015,-0.665016) (-0.495218,-0.415537) (-0.467239,-0.269761) (-0.454403,-0.165389) (-0.450622,-0.0794569) (-0.454403,-1.32444e-16) (-0.467239,0.0823869) (-0.495218,0.180244) (-0.558015,0.32217) (-0.747624,0.627331) (-3.90396,4.65256) (0.27526,-0.476765) (1.65016e-16,-7.04765e-17)

